Project Name,Package Name,Type Name,Method Name,LOC,CC,PC,Line no,IsTest,Main prod class tested,Production classes tested
.,org.axonframework.extensions.kafka.eventhandling.benchmark.jmh_generated,MessageBufferBenchmarks_PutPeekPoll_rw_jmhTest,rw_Throughput,207,35,2,62,0,org.axonframework.extensions.kafka.eventhandling.benchmark.jmh_generated.MessageBufferBenchmarks_PutPeekPoll_rw_jmhTest,org.axonframework.extensions.kafka.eventhandling.benchmark.jmh_generated.MessageBufferBenchmarks_PutPeekPoll_rw_jmhTest
.,org.axonframework.extensions.kafka.eventhandling.benchmark.jmh_generated,MessageBufferBenchmarks_PutPeekPoll_rw_jmhTest,peek_thrpt_jmhStub,13,2,9,273,0,,
.,org.axonframework.extensions.kafka.eventhandling.benchmark.jmh_generated,MessageBufferBenchmarks_PutPeekPoll_rw_jmhTest,poll_thrpt_jmhStub,13,2,9,286,0,,
.,org.axonframework.extensions.kafka.eventhandling.benchmark.jmh_generated,MessageBufferBenchmarks_PutPeekPoll_rw_jmhTest,put_thrpt_jmhStub,13,2,10,299,0,,
.,org.axonframework.extensions.kafka.eventhandling.benchmark.jmh_generated,MessageBufferBenchmarks_PutPeekPoll_rw_jmhTest,rw_AverageTime,207,35,2,313,0,org.axonframework.extensions.kafka.eventhandling.benchmark.jmh_generated.MessageBufferBenchmarks_PutPeekPoll_rw_jmhTest,org.axonframework.extensions.kafka.eventhandling.benchmark.jmh_generated.MessageBufferBenchmarks_PutPeekPoll_rw_jmhTest
.,org.axonframework.extensions.kafka.eventhandling.benchmark.jmh_generated,MessageBufferBenchmarks_PutPeekPoll_rw_jmhTest,peek_avgt_jmhStub,13,2,9,524,0,,
.,org.axonframework.extensions.kafka.eventhandling.benchmark.jmh_generated,MessageBufferBenchmarks_PutPeekPoll_rw_jmhTest,poll_avgt_jmhStub,13,2,9,537,0,,
.,org.axonframework.extensions.kafka.eventhandling.benchmark.jmh_generated,MessageBufferBenchmarks_PutPeekPoll_rw_jmhTest,put_avgt_jmhStub,13,2,10,550,0,,
.,org.axonframework.extensions.kafka.eventhandling.benchmark.jmh_generated,MessageBufferBenchmarks_PutPeekPoll_rw_jmhTest,rw_SampleTime,210,35,2,564,0,org.axonframework.extensions.kafka.eventhandling.benchmark.jmh_generated.MessageBufferBenchmarks_PutPeekPoll_rw_jmhTest,org.axonframework.extensions.kafka.eventhandling.benchmark.jmh_generated.MessageBufferBenchmarks_PutPeekPoll_rw_jmhTest
.,org.axonframework.extensions.kafka.eventhandling.benchmark.jmh_generated,MessageBufferBenchmarks_PutPeekPoll_rw_jmhTest,peek_sample_jmhStub,32,7,13,778,0,,
.,org.axonframework.extensions.kafka.eventhandling.benchmark.jmh_generated,MessageBufferBenchmarks_PutPeekPoll_rw_jmhTest,poll_sample_jmhStub,32,7,13,810,0,,
.,org.axonframework.extensions.kafka.eventhandling.benchmark.jmh_generated,MessageBufferBenchmarks_PutPeekPoll_rw_jmhTest,put_sample_jmhStub,32,7,14,842,0,,
.,org.axonframework.extensions.kafka.eventhandling.benchmark.jmh_generated,MessageBufferBenchmarks_PutPeekPoll_rw_jmhTest,rw_SingleShotTime,147,26,2,875,0,org.axonframework.extensions.kafka.eventhandling.benchmark.jmh_generated.MessageBufferBenchmarks_PutPeekPoll_rw_jmhTest,org.axonframework.extensions.kafka.eventhandling.benchmark.jmh_generated.MessageBufferBenchmarks_PutPeekPoll_rw_jmhTest
.,org.axonframework.extensions.kafka.eventhandling.benchmark.jmh_generated,MessageBufferBenchmarks_PutPeekPoll_rw_jmhTest,peek_ss_jmhStub,10,3,10,1026,0,,
.,org.axonframework.extensions.kafka.eventhandling.benchmark.jmh_generated,MessageBufferBenchmarks_PutPeekPoll_rw_jmhTest,poll_ss_jmhStub,10,3,10,1037,0,,
.,org.axonframework.extensions.kafka.eventhandling.benchmark.jmh_generated,MessageBufferBenchmarks_PutPeekPoll_rw_jmhTest,put_ss_jmhStub,10,3,11,1048,0,,
.,org.axonframework.extensions.kafka.eventhandling.benchmark.jmh_generated,MessageBufferBenchmarks_PutPeekPoll_rw_jmhTest,_jmh_tryInit_f_messagebufferbenchmarks_putpeekpoll0_G,29,4,1,1062,0,,
.,org.axonframework.extensions.kafka.eventhandling.benchmark.jmh_generated,MessageBufferBenchmarks_PutPeekPoll_rw_jmhTest,_jmh_tryInit_f_threadstate1_0,9,3,1,1093,0,,
.,org.axonframework.extensions.kafka.eventhandling.benchmark.jmh_generated,MessageBufferBenchmarks_PutPeekTake_rw_jmhTest,rw_Throughput,207,35,2,62,0,org.axonframework.extensions.kafka.eventhandling.benchmark.jmh_generated.MessageBufferBenchmarks_PutPeekTake_rw_jmhTest,org.axonframework.extensions.kafka.eventhandling.benchmark.jmh_generated.MessageBufferBenchmarks_PutPeekTake_rw_jmhTest
.,org.axonframework.extensions.kafka.eventhandling.benchmark.jmh_generated,MessageBufferBenchmarks_PutPeekTake_rw_jmhTest,peek_thrpt_jmhStub,13,2,9,273,0,,
.,org.axonframework.extensions.kafka.eventhandling.benchmark.jmh_generated,MessageBufferBenchmarks_PutPeekTake_rw_jmhTest,put_thrpt_jmhStub,13,2,10,286,0,,
.,org.axonframework.extensions.kafka.eventhandling.benchmark.jmh_generated,MessageBufferBenchmarks_PutPeekTake_rw_jmhTest,take_thrpt_jmhStub,13,2,9,299,0,,
.,org.axonframework.extensions.kafka.eventhandling.benchmark.jmh_generated,MessageBufferBenchmarks_PutPeekTake_rw_jmhTest,rw_AverageTime,207,35,2,313,0,org.axonframework.extensions.kafka.eventhandling.benchmark.jmh_generated.MessageBufferBenchmarks_PutPeekTake_rw_jmhTest,org.axonframework.extensions.kafka.eventhandling.benchmark.jmh_generated.MessageBufferBenchmarks_PutPeekTake_rw_jmhTest
.,org.axonframework.extensions.kafka.eventhandling.benchmark.jmh_generated,MessageBufferBenchmarks_PutPeekTake_rw_jmhTest,peek_avgt_jmhStub,13,2,9,524,0,,
.,org.axonframework.extensions.kafka.eventhandling.benchmark.jmh_generated,MessageBufferBenchmarks_PutPeekTake_rw_jmhTest,put_avgt_jmhStub,13,2,10,537,0,,
.,org.axonframework.extensions.kafka.eventhandling.benchmark.jmh_generated,MessageBufferBenchmarks_PutPeekTake_rw_jmhTest,take_avgt_jmhStub,13,2,9,550,0,,
.,org.axonframework.extensions.kafka.eventhandling.benchmark.jmh_generated,MessageBufferBenchmarks_PutPeekTake_rw_jmhTest,rw_SampleTime,210,35,2,564,0,org.axonframework.extensions.kafka.eventhandling.benchmark.jmh_generated.MessageBufferBenchmarks_PutPeekTake_rw_jmhTest,org.axonframework.extensions.kafka.eventhandling.benchmark.jmh_generated.MessageBufferBenchmarks_PutPeekTake_rw_jmhTest
.,org.axonframework.extensions.kafka.eventhandling.benchmark.jmh_generated,MessageBufferBenchmarks_PutPeekTake_rw_jmhTest,peek_sample_jmhStub,32,7,13,778,0,,
.,org.axonframework.extensions.kafka.eventhandling.benchmark.jmh_generated,MessageBufferBenchmarks_PutPeekTake_rw_jmhTest,put_sample_jmhStub,32,7,14,810,0,,
.,org.axonframework.extensions.kafka.eventhandling.benchmark.jmh_generated,MessageBufferBenchmarks_PutPeekTake_rw_jmhTest,take_sample_jmhStub,32,7,13,842,0,,
.,org.axonframework.extensions.kafka.eventhandling.benchmark.jmh_generated,MessageBufferBenchmarks_PutPeekTake_rw_jmhTest,rw_SingleShotTime,147,26,2,875,0,org.axonframework.extensions.kafka.eventhandling.benchmark.jmh_generated.MessageBufferBenchmarks_PutPeekTake_rw_jmhTest,org.axonframework.extensions.kafka.eventhandling.benchmark.jmh_generated.MessageBufferBenchmarks_PutPeekTake_rw_jmhTest
.,org.axonframework.extensions.kafka.eventhandling.benchmark.jmh_generated,MessageBufferBenchmarks_PutPeekTake_rw_jmhTest,peek_ss_jmhStub,10,3,10,1026,0,,
.,org.axonframework.extensions.kafka.eventhandling.benchmark.jmh_generated,MessageBufferBenchmarks_PutPeekTake_rw_jmhTest,put_ss_jmhStub,10,3,11,1037,0,,
.,org.axonframework.extensions.kafka.eventhandling.benchmark.jmh_generated,MessageBufferBenchmarks_PutPeekTake_rw_jmhTest,take_ss_jmhStub,10,3,10,1048,0,,
.,org.axonframework.extensions.kafka.eventhandling.benchmark.jmh_generated,MessageBufferBenchmarks_PutPeekTake_rw_jmhTest,_jmh_tryInit_f_messagebufferbenchmarks_putpeektake0_G,29,4,1,1062,0,,
.,org.axonframework.extensions.kafka.eventhandling.benchmark.jmh_generated,MessageBufferBenchmarks_PutPeekTake_rw_jmhTest,_jmh_tryInit_f_threadstate1_0,9,3,1,1093,0,,
.,org.axonframework.extensions.kafka.configuration,KafkaMessageSourceConfigurerTest,setUp,3,1,0,42,0,,
.,org.axonframework.extensions.kafka.configuration,KafkaMessageSourceConfigurerTest,testStartInitiatesRegisteredSubscribableSources,8,1,2,48,1,org.axonframework.extensions.kafka.configuration.KafkaMessageSourceConfigurer,org.axonframework.extensions.kafka.configuration.KafkaMessageSourceConfigurer
.,org.axonframework.extensions.kafka.configuration,KafkaMessageSourceConfigurerTest,testShutdownClosesRegisteredSubscribableSources,8,1,2,63,1,org.axonframework.extensions.kafka.configuration.KafkaMessageSourceConfigurer,org.axonframework.extensions.kafka.configuration.KafkaMessageSourceConfigurer
.,org.axonframework.extensions.kafka.configuration,KafkaMessageSourceConfigurer,initialize,7,2,1,42,0,,
.,org.axonframework.extensions.kafka.configuration,KafkaMessageSourceConfigurer,configureSubscribableSource,3,1,1,60,0,,
.,org.axonframework.extensions.kafka.eventhandling.benchmark,MessageBufferBenchmarks_PutPeekPoll,createBuffer,3,1,0,70,0,,
.,org.axonframework.extensions.kafka.eventhandling.benchmark,MessageBufferBenchmarks_PutPeekPoll,prepareTestData,10,2,0,75,0,org.axonframework.extensions.kafka.eventhandling.benchmark.MessageBufferBenchmarks_PutPeekPoll,org.axonframework.extensions.kafka.eventhandling.benchmark.MessageBufferBenchmarks_PutPeekPoll
.,org.axonframework.extensions.kafka.eventhandling.benchmark,MessageBufferBenchmarks_PutPeekPoll,message,4,1,3,87,0,,
.,org.axonframework.extensions.kafka.eventhandling.benchmark,MessageBufferBenchmarks_PutPeekPoll,put,4,1,1,92,0,,
.,org.axonframework.extensions.kafka.eventhandling.benchmark,MessageBufferBenchmarks_PutPeekPoll,peek,3,1,0,99,0,org.axonframework.extensions.kafka.eventhandling.consumer.streamable.SortedKafkaMessageBuffer,org.axonframework.extensions.kafka.eventhandling.consumer.streamable.SortedKafkaMessageBuffer
.,org.axonframework.extensions.kafka.eventhandling.benchmark,MessageBufferBenchmarks_PutPeekPoll,poll,3,1,0,105,0,org.axonframework.extensions.kafka.eventhandling.consumer.streamable.SortedKafkaMessageBuffer,org.axonframework.extensions.kafka.eventhandling.consumer.streamable.SortedKafkaMessageBuffer
.,org.axonframework.extensions.kafka.eventhandling.benchmark,MessageBufferBenchmarks_PutPeekPoll,main,4,1,1,122,0,,
.,org.axonframework.extensions.kafka.eventhandling.benchmark,MessageBufferBenchmarks_PutPeekTake,createBuffer,3,1,0,70,0,,
.,org.axonframework.extensions.kafka.eventhandling.benchmark,MessageBufferBenchmarks_PutPeekTake,prepareTestData,10,2,0,75,0,org.axonframework.extensions.kafka.eventhandling.benchmark.MessageBufferBenchmarks_PutPeekTake,org.axonframework.extensions.kafka.eventhandling.benchmark.MessageBufferBenchmarks_PutPeekTake
.,org.axonframework.extensions.kafka.eventhandling.benchmark,MessageBufferBenchmarks_PutPeekTake,message,4,1,3,87,0,,
.,org.axonframework.extensions.kafka.eventhandling.benchmark,MessageBufferBenchmarks_PutPeekTake,put,4,1,1,92,0,,
.,org.axonframework.extensions.kafka.eventhandling.benchmark,MessageBufferBenchmarks_PutPeekTake,peek,3,1,0,99,0,org.axonframework.extensions.kafka.eventhandling.consumer.streamable.SortedKafkaMessageBuffer,org.axonframework.extensions.kafka.eventhandling.consumer.streamable.SortedKafkaMessageBuffer
.,org.axonframework.extensions.kafka.eventhandling.benchmark,MessageBufferBenchmarks_PutPeekTake,take,3,1,0,105,0,org.axonframework.extensions.kafka.eventhandling.consumer.streamable.SortedKafkaMessageBuffer,org.axonframework.extensions.kafka.eventhandling.consumer.streamable.SortedKafkaMessageBuffer
.,org.axonframework.extensions.kafka.eventhandling.benchmark,MessageBufferBenchmarks_PutPeekTake,main,4,1,1,122,0,,
.,org.axonframework.extensions.kafka.eventhandling.benchmark,SimpleRandom,SimpleRandom,3,1,0,33,0,,
.,org.axonframework.extensions.kafka.eventhandling.benchmark,SimpleRandom,next,5,1,0,37,0,,
.,org.axonframework.extensions.kafka.eventhandling.producer,DefaultProducerFactoryClusteringIntegrationTest,before,3,1,0,48,0,,
.,org.axonframework.extensions.kafka.eventhandling.producer,DefaultProducerFactoryClusteringIntegrationTest,after,3,1,0,53,0,,
.,org.axonframework.extensions.kafka.eventhandling.producer,DefaultProducerFactoryClusteringIntegrationTest,send,5,1,3,58,0,,
.,org.axonframework.extensions.kafka.eventhandling.producer,DefaultProducerFactoryClusteringIntegrationTest,cleanup,4,1,2,65,0,org.axonframework.extensions.kafka.eventhandling.producer.ProducerFactory,org.axonframework.extensions.kafka.eventhandling.producer.ProducerFactory
.,org.axonframework.extensions.kafka.eventhandling.producer,DefaultProducerFactoryClusteringIntegrationTest,assertOffsets,5,2,1,70,0,,
.,org.axonframework.extensions.kafka.eventhandling.producer,DefaultProducerFactoryClusteringIntegrationTest,testCachingTransactionalProducerInstances,12,1,0,77,1,org.axonframework.extensions.kafka.eventhandling.producer.ProducerFactory,org.axonframework.extensions.kafka.eventhandling.producer.ProducerFactory
.,org.axonframework.extensions.kafka.eventhandling.producer,DefaultProducerFactoryClusteringIntegrationTest,testSendingMessagesUsingMultipleTransactionalProducers,15,1,0,93,1,org.axonframework.extensions.kafka.eventhandling.producer.ProducerFactory,org.axonframework.extensions.kafka.eventhandling.producer.ProducerFactory
.,org.axonframework.extensions.kafka.eventhandling.producer,DefaultProducerFactoryClusteringIntegrationTest,testClosingProducerShouldReturnItToCache,9,1,0,113,1,org.axonframework.extensions.kafka.eventhandling.producer.DefaultProducerFactory,org.axonframework.extensions.kafka.eventhandling.producer.DefaultProducerFactory; org.axonframework.extensions.kafka.eventhandling.producer.ProducerFactory
.,org.axonframework.extensions.kafka.eventhandling.producer,DefaultProducerFactoryIntegrationTest,before,3,1,0,59,0,,
.,org.axonframework.extensions.kafka.eventhandling.producer,DefaultProducerFactoryIntegrationTest,after,3,1,0,64,0,,
.,org.axonframework.extensions.kafka.eventhandling.producer,DefaultProducerFactoryIntegrationTest,send,5,1,3,69,0,,
.,org.axonframework.extensions.kafka.eventhandling.producer,DefaultProducerFactoryIntegrationTest,cleanup,3,1,2,75,0,,
.,org.axonframework.extensions.kafka.eventhandling.producer,DefaultProducerFactoryIntegrationTest,cleanup,4,1,2,79,0,org.axonframework.extensions.kafka.eventhandling.producer.ProducerFactory,org.axonframework.extensions.kafka.eventhandling.producer.ProducerFactory
.,org.axonframework.extensions.kafka.eventhandling.producer,DefaultProducerFactoryIntegrationTest,assertOffsets,5,2,1,84,0,,
.,org.axonframework.extensions.kafka.eventhandling.producer,DefaultProducerFactoryIntegrationTest,testDefaultConfirmationMode,3,1,0,91,1,org.axonframework.extensions.kafka.eventhandling.producer.DefaultProducerFactory,org.axonframework.extensions.kafka.eventhandling.producer.DefaultProducerFactory
.,org.axonframework.extensions.kafka.eventhandling.producer,DefaultProducerFactoryIntegrationTest,testDefaultConfirmationModeForTransactionalProducer,3,1,0,96,1,,
.,org.axonframework.extensions.kafka.eventhandling.producer,DefaultProducerFactoryIntegrationTest,testConfiguringInvalidCacheSize,4,1,0,101,1,org.axonframework.extensions.kafka.eventhandling.producer.DefaultProducerFactory,org.axonframework.extensions.kafka.eventhandling.producer.DefaultProducerFactory
.,org.axonframework.extensions.kafka.eventhandling.producer,DefaultProducerFactoryIntegrationTest,testConfiguringInvalidTimeout,4,1,0,107,1,org.axonframework.extensions.kafka.eventhandling.producer.DefaultProducerFactory,org.axonframework.extensions.kafka.eventhandling.producer.DefaultProducerFactory
.,org.axonframework.extensions.kafka.eventhandling.producer,DefaultProducerFactoryIntegrationTest,testConfiguringInvalidTimeoutUnit,4,1,0,113,1,org.axonframework.extensions.kafka.eventhandling.producer.DefaultProducerFactory,org.axonframework.extensions.kafka.eventhandling.producer.DefaultProducerFactory
.,org.axonframework.extensions.kafka.eventhandling.producer,DefaultProducerFactoryIntegrationTest,testConfiguringInvalidCloseTimeout,5,1,0,119,1,org.axonframework.extensions.kafka.eventhandling.producer.DefaultProducerFactory,org.axonframework.extensions.kafka.eventhandling.producer.DefaultProducerFactory
.,org.axonframework.extensions.kafka.eventhandling.producer,DefaultProducerFactoryIntegrationTest,testConfiguringInvalidTransactionalIdPrefix,4,1,0,126,1,org.axonframework.extensions.kafka.eventhandling.producer.DefaultProducerFactory,org.axonframework.extensions.kafka.eventhandling.producer.DefaultProducerFactory
.,org.axonframework.extensions.kafka.eventhandling.producer,DefaultProducerFactoryIntegrationTest,testProducerCreation,7,1,0,132,1,org.axonframework.extensions.kafka.eventhandling.producer.ProducerFactory,org.axonframework.extensions.kafka.eventhandling.producer.ProducerFactory
.,org.axonframework.extensions.kafka.eventhandling.producer,DefaultProducerFactoryIntegrationTest,testCachingProducerInstances,13,1,0,143,1,org.axonframework.extensions.kafka.eventhandling.producer.ProducerFactory,org.axonframework.extensions.kafka.eventhandling.producer.ProducerFactory
.,org.axonframework.extensions.kafka.eventhandling.producer,DefaultProducerFactoryIntegrationTest,testSendingMessagesUsingMultipleProducers,15,1,0,159,1,org.axonframework.extensions.kafka.eventhandling.producer.ProducerFactory,org.axonframework.extensions.kafka.eventhandling.producer.ProducerFactory
.,org.axonframework.extensions.kafka.eventhandling.producer,DefaultProducerFactoryIntegrationTest,testTransactionalProducerCreation,9,1,0,179,1,org.axonframework.extensions.kafka.eventhandling.producer.ProducerFactory,org.axonframework.extensions.kafka.eventhandling.producer.ProducerFactory
.,org.axonframework.extensions.kafka.eventhandling.producer,DefaultProducerFactoryIntegrationTest,testTransactionalProducerBehaviorOnCommittingAnAbortedTransaction,14,1,0,197,1,org.axonframework.extensions.kafka.eventhandling.producer.ProducerFactory,org.axonframework.extensions.kafka.eventhandling.producer.ProducerFactory
.,org.axonframework.extensions.kafka.eventhandling.producer,DefaultProducerFactoryIntegrationTest,testTransactionalProducerBehaviorOnSendingOffsetsWhenTransactionIsClosed,10,1,0,218,1,org.axonframework.extensions.kafka.eventhandling.producer.ProducerFactory,org.axonframework.extensions.kafka.eventhandling.producer.ProducerFactory
.,org.axonframework.extensions.kafka.eventhandling.producer,DefaultProducerFactoryIntegrationTest,testUsingCallbackWhilePublishingMessages,9,1,0,235,1,org.axonframework.extensions.kafka.eventhandling.producer.ProducerFactory,org.axonframework.extensions.kafka.eventhandling.producer.ProducerFactory
.,org.axonframework.extensions.kafka.eventhandling.producer,KafkaPublisherIntegrationTest,before,3,1,0,94,0,,
.,org.axonframework.extensions.kafka.eventhandling.producer,KafkaPublisherIntegrationTest,after,3,1,0,99,0,,
.,org.axonframework.extensions.kafka.eventhandling.producer,KafkaPublisherIntegrationTest,producerFactoryWithFencedExceptionOnBeginTransaction,8,1,0,104,0,org.axonframework.extensions.kafka.eventhandling.producer.DefaultProducerFactory,org.axonframework.extensions.kafka.eventhandling.producer.DefaultProducerFactory
.,org.axonframework.extensions.kafka.eventhandling.producer,KafkaPublisherIntegrationTest,producerFactoryWithFencedExceptionOnCommit,8,1,0,115,0,org.axonframework.extensions.kafka.eventhandling.producer.DefaultProducerFactory,org.axonframework.extensions.kafka.eventhandling.producer.DefaultProducerFactory
.,org.axonframework.extensions.kafka.eventhandling.producer,KafkaPublisherIntegrationTest,producerFactoryWithFencedExceptionOnAbort,8,1,0,125,0,org.axonframework.extensions.kafka.eventhandling.producer.DefaultProducerFactory,org.axonframework.extensions.kafka.eventhandling.producer.DefaultProducerFactory
.,org.axonframework.extensions.kafka.eventhandling.producer,KafkaPublisherIntegrationTest,domainMessages,3,1,2,136,0,,
.,org.axonframework.extensions.kafka.eventhandling.producer,KafkaPublisherIntegrationTest,domainMessage,3,1,1,142,0,,
.,org.axonframework.extensions.kafka.eventhandling.producer,KafkaPublisherIntegrationTest,setUp,8,1,0,146,0,,
.,org.axonframework.extensions.kafka.eventhandling.producer,KafkaPublisherIntegrationTest,tearDown,11,3,0,157,0,org.axonframework.extensions.kafka.eventhandling.producer.ProducerFactory,org.axonframework.extensions.kafka.eventhandling.producer.ProducerFactory; org.axonframework.extensions.kafka.eventhandling.producer.KafkaPublisher
.,org.axonframework.extensions.kafka.eventhandling.producer,KafkaPublisherIntegrationTest,testPublishMessagesWithAckModeNoUnitOfWorkShouldBePublishedAndReadSuccessfully,15,1,0,172,1,,
.,org.axonframework.extensions.kafka.eventhandling.producer,KafkaPublisherIntegrationTest,testPublishingMessageAckModeNoUnitOfWorkButKafkaReturnTimeoutOnWriteShouldBeMarkedAsFailed,16,1,0,192,1,org.axonframework.extensions.kafka.eventhandling.producer.ProducerFactory,org.axonframework.extensions.kafka.eventhandling.producer.ProducerFactory
.,org.axonframework.extensions.kafka.eventhandling.producer,KafkaPublisherIntegrationTest,testPublishMessagesWithTransactionalModeNoUnitOfWorkShouldBePublishedAndReadSuccessfully,13,1,0,214,1,,
.,org.axonframework.extensions.kafka.eventhandling.producer,KafkaPublisherIntegrationTest,testPublishMessagesWithAckModeUnitOfWorkShouldBePublishedAndReadSuccessfully,15,1,0,235,1,,
.,org.axonframework.extensions.kafka.eventhandling.producer,KafkaPublisherIntegrationTest,testPublishMessagesWithTransactionalModeUnitOfWorkShouldBePublishedAndReadSuccessfully,12,1,0,254,1,,
.,org.axonframework.extensions.kafka.eventhandling.producer,KafkaPublisherIntegrationTest,testPublishMessageWithTransactionalModeUnitOfWorkRollbackShouldNeverBePublished,22,1,0,275,1,,
.,org.axonframework.extensions.kafka.eventhandling.producer,KafkaPublisherIntegrationTest,testPublishMessagesKafkaTransactionCannotBeStartedShouldThrowAnException,7,1,0,302,1,,
.,org.axonframework.extensions.kafka.eventhandling.producer,KafkaPublisherIntegrationTest,testPublishMessageKafkaTransactionCannotBeCommittedShouldThrowAnException,7,1,0,312,1,,
.,org.axonframework.extensions.kafka.eventhandling.producer,KafkaPublisherIntegrationTest,testSendMessageWithKafkaTransactionRollback,22,1,0,322,1,,
.,org.axonframework.extensions.kafka.eventhandling.producer,KafkaPublisherIntegrationTest,testConfiguringInvalidProducerFactory,4,1,0,349,1,org.axonframework.extensions.kafka.eventhandling.producer.KafkaPublisher,org.axonframework.extensions.kafka.eventhandling.producer.KafkaPublisher
.,org.axonframework.extensions.kafka.eventhandling.producer,KafkaPublisherIntegrationTest,testConfiguringInvalidMessageConverter,4,1,0,356,1,org.axonframework.extensions.kafka.eventhandling.producer.KafkaPublisher,org.axonframework.extensions.kafka.eventhandling.producer.KafkaPublisher
.,org.axonframework.extensions.kafka.eventhandling.producer,KafkaPublisherIntegrationTest,testConfiguringInvalidMessageMonitor,4,1,0,363,1,org.axonframework.extensions.kafka.eventhandling.producer.KafkaPublisher,org.axonframework.extensions.kafka.eventhandling.producer.KafkaPublisher
.,org.axonframework.extensions.kafka.eventhandling.producer,KafkaPublisherIntegrationTest,testConfiguringInvalidKafkaTopic,4,1,0,370,1,org.axonframework.extensions.kafka.eventhandling.producer.KafkaPublisher,org.axonframework.extensions.kafka.eventhandling.producer.KafkaPublisher
.,org.axonframework.extensions.kafka.eventhandling.producer,KafkaPublisherIntegrationTest,testConfiguringInvalidKafkaTopicFunction,4,1,0,377,1,org.axonframework.extensions.kafka.eventhandling.producer.KafkaPublisher,org.axonframework.extensions.kafka.eventhandling.producer.KafkaPublisher
.,org.axonframework.extensions.kafka.eventhandling.producer,KafkaPublisherIntegrationTest,testConfiguringInvalidAckTimeout,4,1,0,384,1,org.axonframework.extensions.kafka.eventhandling.producer.KafkaPublisher,org.axonframework.extensions.kafka.eventhandling.producer.KafkaPublisher
.,org.axonframework.extensions.kafka.eventhandling.producer,KafkaPublisherIntegrationTest,buildPublisher,7,1,1,391,0,org.axonframework.extensions.kafka.eventhandling.DefaultKafkaMessageConverter,org.axonframework.extensions.kafka.eventhandling.DefaultKafkaMessageConverter; org.axonframework.extensions.kafka.eventhandling.producer.KafkaPublisher; org.axonframework.extensions.kafka.eventhandling.producer.KafkaEventPublisher
.,org.axonframework.extensions.kafka.eventhandling.producer,KafkaPublisherIntegrationTest,buildConsumer,5,1,1,427,0,org.axonframework.extensions.kafka.eventhandling.consumer.ConsumerFactory,org.axonframework.extensions.kafka.eventhandling.consumer.ConsumerFactory
.,org.axonframework.extensions.kafka.eventhandling.producer,KafkaPublisherIntegrationTest,publishWithException,11,1,2,433,0,,
.,org.axonframework.extensions.kafka.eventhandling.producer,KafkaPublisherBuilderTest,testKafkaPublisherInitialisationShouldNotThrowException,3,1,0,32,1,,
.,org.axonframework.extensions.kafka.eventhandling.producer,ProducerFactory,createProducer,0,1,0,32,0,,
.,org.axonframework.extensions.kafka.eventhandling.producer,ProducerFactory,confirmationMode,3,1,0,39,0,,
.,org.axonframework.extensions.kafka.eventhandling.producer,ProducerFactory,shutDown,0,1,0,49,0,,
.,org.axonframework.extensions.kafka.eventhandling.producer,DefaultProducerFactory,DefaultProducerFactory,9,1,1,78,0,,
.,org.axonframework.extensions.kafka.eventhandling.producer,DefaultProducerFactory,builder,3,1,0,97,0,,
.,org.axonframework.extensions.kafka.eventhandling.producer,DefaultProducerFactory,createProducer,13,3,0,112,0,org.axonframework.extensions.kafka.eventhandling.producer.DefaultProducerFactory,org.axonframework.extensions.kafka.eventhandling.producer.DefaultProducerFactory
.,org.axonframework.extensions.kafka.eventhandling.producer,DefaultProducerFactory,confirmationMode,3,1,0,126,0,,
.,org.axonframework.extensions.kafka.eventhandling.producer,DefaultProducerFactory,configurationProperties,3,1,0,131,0,,
.,org.axonframework.extensions.kafka.eventhandling.producer,DefaultProducerFactory,transactionIdPrefix,3,1,0,141,0,,
.,org.axonframework.extensions.kafka.eventhandling.producer,DefaultProducerFactory,shutDown,17,3,0,150,0,,
.,org.axonframework.extensions.kafka.eventhandling.producer,DefaultProducerFactory,createTransactionalProducer,12,2,0,169,0,org.axonframework.extensions.kafka.eventhandling.producer.DefaultProducerFactory,org.axonframework.extensions.kafka.eventhandling.producer.DefaultProducerFactory
.,org.axonframework.extensions.kafka.eventhandling.producer,DefaultProducerFactory,createKafkaProducer,3,1,1,184,0,,
.,org.axonframework.extensions.kafka.eventhandling.producer,KafkaPublisher,KafkaPublisher,8,1,1,82,0,,
.,org.axonframework.extensions.kafka.eventhandling.producer,KafkaPublisher,builder,3,1,0,99,0,,
.,org.axonframework.extensions.kafka.eventhandling.producer,KafkaPublisher,send,33,6,1,117,0,org.axonframework.extensions.kafka.eventhandling.producer.ProducerFactory,org.axonframework.extensions.kafka.eventhandling.producer.ProducerFactory; org.axonframework.extensions.kafka.eventhandling.KafkaMessageConverter; org.axonframework.extensions.kafka.eventhandling.producer.TopicResolver; org.axonframework.extensions.kafka.eventhandling.producer.KafkaPublisher
.,org.axonframework.extensions.kafka.eventhandling.producer,KafkaPublisher,tryBeginTxn,9,1,1,170,0,,
.,org.axonframework.extensions.kafka.eventhandling.producer,KafkaPublisher,tryCommit,11,1,2,181,0,,
.,org.axonframework.extensions.kafka.eventhandling.producer,KafkaPublisher,waitForPublishAck,17,1,2,194,0,,
.,org.axonframework.extensions.kafka.eventhandling.producer,KafkaPublisher,tryRollback,8,1,1,212,0,,
.,org.axonframework.extensions.kafka.eventhandling.producer,KafkaPublisher,tryClose,8,1,1,221,0,,
.,org.axonframework.extensions.kafka.eventhandling.producer,KafkaPublisher,shutDown,3,1,0,230,0,org.axonframework.extensions.kafka.eventhandling.producer.ProducerFactory,org.axonframework.extensions.kafka.eventhandling.producer.ProducerFactory
.,org.axonframework.extensions.kafka.eventhandling.producer,KafkaPublisher,registerLifecycleHandlers,3,1,1,239,0,,
.,org.axonframework.extensions.kafka.eventhandling.producer,TopicResolver,resolve,3,1,1,35,0,,
.,org.axonframework.extensions.kafka.eventhandling.producer,KafkaEventPublisher,builder,3,1,0,49,0,,
.,org.axonframework.extensions.kafka.eventhandling.producer,KafkaEventPublisher,KafkaEventPublisher,4,1,1,62,0,,
.,org.axonframework.extensions.kafka.eventhandling.producer,KafkaEventPublisher,handle,4,1,1,75,0,,
.,org.axonframework.extensions.kafka.eventhandling.producer,KafkaEventPublisher,supportsReset,3,1,0,81,0,,
.,org.axonframework.extensions.kafka.eventhandling.util,ConsumerConfigUtil,ConsumerConfigUtil,2,1,0,41,0,,
.,org.axonframework.extensions.kafka.eventhandling.util,ConsumerConfigUtil,transactionalConsumerFactory,3,1,2,45,0,org.axonframework.extensions.kafka.eventhandling.util.ConsumerConfigUtil,org.axonframework.extensions.kafka.eventhandling.util.ConsumerConfigUtil
.,org.axonframework.extensions.kafka.eventhandling.util,ConsumerConfigUtil,minimalTransactional,5,1,2,58,0,org.axonframework.extensions.kafka.eventhandling.util.ConsumerConfigUtil,org.axonframework.extensions.kafka.eventhandling.util.ConsumerConfigUtil
.,org.axonframework.extensions.kafka.eventhandling.util,ConsumerConfigUtil,consumerFactory,3,1,1,72,0,org.axonframework.extensions.kafka.eventhandling.util.ConsumerConfigUtil,org.axonframework.extensions.kafka.eventhandling.util.ConsumerConfigUtil
.,org.axonframework.extensions.kafka.eventhandling.util,ConsumerConfigUtil,minimal,3,1,1,83,0,org.axonframework.extensions.kafka.eventhandling.util.ConsumerConfigUtil,org.axonframework.extensions.kafka.eventhandling.util.ConsumerConfigUtil
.,org.axonframework.extensions.kafka.eventhandling.util,ConsumerConfigUtil,minimal,8,1,2,93,0,,
.,org.axonframework.extensions.kafka.eventhandling.util,KafkaContainerTest,getBootstrapServers,3,1,0,36,0,,
.,org.axonframework.extensions.kafka.eventhandling.util,KafkaTestUtils,getRecords,3,1,1,47,0,,
.,org.axonframework.extensions.kafka.eventhandling.util,KafkaTestUtils,getRecords,3,1,2,60,0,,
.,org.axonframework.extensions.kafka.eventhandling.util,KafkaTestUtils,getRecords,28,4,3,75,0,,
.,org.axonframework.extensions.kafka.eventhandling.util,KafkaTestUtils,pollUntilAtLeastNumRecords,10,1,3,119,0,,
.,org.axonframework.extensions.kafka.eventhandling.util,KafkaTestUtils,pollRecordsUntilTrue,7,1,4,148,0,org.axonframework.extensions.kafka.eventhandling.util.KafkaTestUtils,org.axonframework.extensions.kafka.eventhandling.util.KafkaTestUtils
.,org.axonframework.extensions.kafka.eventhandling.util,KafkaTestUtils,waitUntilTrue,17,4,4,157,0,,
.,org.axonframework.extensions.kafka.eventhandling.util,KafkaAdminUtils,KafkaAdminUtils,2,1,0,56,0,,
.,org.axonframework.extensions.kafka.eventhandling.util,KafkaAdminUtils,createTopics,3,1,2,60,0,,
.,org.axonframework.extensions.kafka.eventhandling.util,KafkaAdminUtils,createTopics,18,2,3,70,0,org.axonframework.extensions.kafka.eventhandling.util.KafkaAdminUtils,org.axonframework.extensions.kafka.eventhandling.util.KafkaAdminUtils
.,org.axonframework.extensions.kafka.eventhandling.util,KafkaAdminUtils,createPartitions,7,1,3,95,0,org.axonframework.extensions.kafka.eventhandling.util.KafkaAdminUtils,org.axonframework.extensions.kafka.eventhandling.util.KafkaAdminUtils
.,org.axonframework.extensions.kafka.eventhandling.util,KafkaAdminUtils,deleteTopics,7,1,2,113,0,org.axonframework.extensions.kafka.eventhandling.util.KafkaAdminUtils,org.axonframework.extensions.kafka.eventhandling.util.KafkaAdminUtils
.,org.axonframework.extensions.kafka.eventhandling.util,KafkaAdminUtils,deleteTopics,7,1,2,127,0,org.axonframework.extensions.kafka.eventhandling.util.KafkaAdminUtils,org.axonframework.extensions.kafka.eventhandling.util.KafkaAdminUtils
.,org.axonframework.extensions.kafka.eventhandling.util,KafkaAdminUtils,waitForCompletion,8,1,1,142,0,,
.,org.axonframework.extensions.kafka.eventhandling.util,KafkaAdminUtils,topics,3,1,1,150,0,,
.,org.axonframework.extensions.kafka.eventhandling.util,KafkaAdminUtils,partitions,3,1,2,159,0,,
.,org.axonframework.extensions.kafka.eventhandling.util,KafkaAdminUtils,minimalAdminConfig,5,1,1,164,0,,
.,org.axonframework.extensions.kafka.eventhandling.util,AssertUtils,AssertUtils,2,1,0,26,0,,
.,org.axonframework.extensions.kafka.eventhandling.util,AssertUtils,assertWithin,18,3,2,30,0,,
.,org.axonframework.extensions.kafka.eventhandling.util,KafkaContainerCluster,KafkaContainerCluster,12,3,3,51,0,,
.,org.axonframework.extensions.kafka.eventhandling.util,KafkaContainerCluster,getBootstrapServers,3,1,0,92,0,,
.,org.axonframework.extensions.kafka.eventhandling.util,KafkaContainerCluster,allContainers,3,1,0,103,0,,
.,org.axonframework.extensions.kafka.eventhandling.util,KafkaContainerCluster,start,15,1,0,110,0,,
.,org.axonframework.extensions.kafka.eventhandling.util,KafkaContainerCluster,stop,3,1,0,132,0,org.axonframework.extensions.kafka.eventhandling.util.KafkaContainerCluster,org.axonframework.extensions.kafka.eventhandling.util.KafkaContainerCluster
.,org.axonframework.extensions.kafka.eventhandling.util,ProducerConfigUtil,ProducerConfigUtil,2,1,0,42,0,,
.,org.axonframework.extensions.kafka.eventhandling.util,ProducerConfigUtil,empty,3,1,0,46,0,,
.,org.axonframework.extensions.kafka.eventhandling.util,ProducerConfigUtil,minimal,3,1,1,55,0,org.axonframework.extensions.kafka.eventhandling.util.ProducerConfigUtil,org.axonframework.extensions.kafka.eventhandling.util.ProducerConfigUtil
.,org.axonframework.extensions.kafka.eventhandling.util,ProducerConfigUtil,minimal,11,1,2,69,0,,
.,org.axonframework.extensions.kafka.eventhandling.util,ProducerConfigUtil,minimalTransactional,3,1,1,91,0,org.axonframework.extensions.kafka.eventhandling.util.ProducerConfigUtil,org.axonframework.extensions.kafka.eventhandling.util.ProducerConfigUtil
.,org.axonframework.extensions.kafka.eventhandling.util,ProducerConfigUtil,minimalTransactional,6,1,2,105,0,org.axonframework.extensions.kafka.eventhandling.util.ProducerConfigUtil,org.axonframework.extensions.kafka.eventhandling.util.ProducerConfigUtil
.,org.axonframework.extensions.kafka.eventhandling.util,ProducerConfigUtil,producerFactory,3,1,1,122,0,org.axonframework.extensions.kafka.eventhandling.producer.DefaultProducerFactory,org.axonframework.extensions.kafka.eventhandling.producer.DefaultProducerFactory; org.axonframework.extensions.kafka.eventhandling.util.ProducerConfigUtil
.,org.axonframework.extensions.kafka.eventhandling.util,ProducerConfigUtil,ackProducerFactory,3,1,2,140,0,org.axonframework.extensions.kafka.eventhandling.producer.DefaultProducerFactory,org.axonframework.extensions.kafka.eventhandling.producer.DefaultProducerFactory; org.axonframework.extensions.kafka.eventhandling.util.ProducerConfigUtil
.,org.axonframework.extensions.kafka.eventhandling.util,ProducerConfigUtil,transactionalProducerFactory,3,1,2,161,0,org.axonframework.extensions.kafka.eventhandling.producer.DefaultProducerFactory,org.axonframework.extensions.kafka.eventhandling.producer.DefaultProducerFactory; org.axonframework.extensions.kafka.eventhandling.util.ProducerConfigUtil
.,org.axonframework.extensions.kafka.eventhandling.util,ProducerConfigUtil,transactionalProducerFactory,3,1,3,182,0,org.axonframework.extensions.kafka.eventhandling.producer.DefaultProducerFactory,org.axonframework.extensions.kafka.eventhandling.producer.DefaultProducerFactory; org.axonframework.extensions.kafka.eventhandling.util.ProducerConfigUtil
.,org.axonframework.extensions.kafka.eventhandling.util,KafkaContainerClusterTest,getBootstrapServers,3,1,0,33,0,,
.,org.axonframework.extensions.kafka.eventhandling.util,HeaderAssertUtil,HeaderAssertUtil,2,1,0,36,0,,
.,org.axonframework.extensions.kafka.eventhandling.util,HeaderAssertUtil,assertEventHeaders,8,1,4,40,0,org.axonframework.extensions.kafka.eventhandling.HeaderUtils,org.axonframework.extensions.kafka.eventhandling.HeaderUtils
.,org.axonframework.extensions.kafka.eventhandling.util,HeaderAssertUtil,assertDomainHeaders,6,1,2,53,0,org.axonframework.extensions.kafka.eventhandling.HeaderUtils,org.axonframework.extensions.kafka.eventhandling.HeaderUtils
.,org.axonframework.extensions.kafka.eventhandling.tokenstore,KafkaTokenStoreConcurrentIntegrationTest,setUp,9,1,0,65,0,org.axonframework.extensions.kafka.eventhandling.tokenstore.KafkaTokenStore,org.axonframework.extensions.kafka.eventhandling.tokenstore.KafkaTokenStore
.,org.axonframework.extensions.kafka.eventhandling.tokenstore,KafkaTokenStoreConcurrentIntegrationTest,tearDown,4,1,0,76,0,org.axonframework.extensions.kafka.eventhandling.tokenstore.KafkaTokenStore,org.axonframework.extensions.kafka.eventhandling.tokenstore.KafkaTokenStore
.,org.axonframework.extensions.kafka.eventhandling.tokenstore,KafkaTokenStoreConcurrentIntegrationTest,after,3,1,0,82,0,,
.,org.axonframework.extensions.kafka.eventhandling.tokenstore,KafkaTokenStoreConcurrentIntegrationTest,storeTokenConcurrently,12,1,0,87,1,org.axonframework.extensions.kafka.eventhandling.tokenstore.KafkaTokenStore,org.axonframework.extensions.kafka.eventhandling.tokenstore.KafkaTokenStore
.,org.axonframework.extensions.kafka.eventhandling.tokenstore,KafkaTokenStoreConcurrentIntegrationTest,deleteTokenConcurrently,13,1,0,101,1,org.axonframework.extensions.kafka.eventhandling.tokenstore.KafkaTokenStore,org.axonframework.extensions.kafka.eventhandling.tokenstore.KafkaTokenStore
.,org.axonframework.extensions.kafka.eventhandling.tokenstore,KafkaTokenStoreConcurrentIntegrationTest,fetchTokenConcurrently,7,1,0,116,1,org.axonframework.extensions.kafka.eventhandling.tokenstore.KafkaTokenStore,org.axonframework.extensions.kafka.eventhandling.tokenstore.KafkaTokenStore
.,org.axonframework.extensions.kafka.eventhandling.tokenstore,KafkaTokenStoreConcurrentIntegrationTest,initializeSegmentWithTokenConcurrently,12,1,0,128,1,org.axonframework.extensions.kafka.eventhandling.tokenstore.KafkaTokenStore,org.axonframework.extensions.kafka.eventhandling.tokenstore.KafkaTokenStore
.,org.axonframework.extensions.kafka.eventhandling.tokenstore,KafkaTokenStoreConcurrentIntegrationTest,releaseClaimWorking,17,1,0,142,1,org.axonframework.extensions.kafka.eventhandling.tokenstore.KafkaTokenStore,org.axonframework.extensions.kafka.eventhandling.tokenstore.KafkaTokenStore
.,org.axonframework.extensions.kafka.eventhandling.tokenstore,KafkaTokenStoreConcurrentIntegrationTest,releaseTokenWhenNotTheOwner,5,1,0,159,1,org.axonframework.extensions.kafka.eventhandling.tokenstore.KafkaTokenStore,org.axonframework.extensions.kafka.eventhandling.tokenstore.KafkaTokenStore
.,org.axonframework.extensions.kafka.eventhandling.tokenstore,KafkaTokenStoreConcurrentIntegrationTest,deleteTokenWhenNotTheOwner,5,1,0,166,1,org.axonframework.extensions.kafka.eventhandling.tokenstore.KafkaTokenStore,org.axonframework.extensions.kafka.eventhandling.tokenstore.KafkaTokenStore
.,org.axonframework.extensions.kafka.eventhandling.tokenstore,KafkaTokenStoreConcurrentIntegrationTest,fetchAvailableSegmentsWorking,29,1,0,173,1,org.axonframework.extensions.kafka.eventhandling.tokenstore.KafkaTokenStore,org.axonframework.extensions.kafka.eventhandling.tokenstore.KafkaTokenStore
.,org.axonframework.extensions.kafka.eventhandling.tokenstore,KafkaTokenStoreConcurrentIntegrationTest,ableToClaimAfterSetClaimTimeout,16,1,0,206,1,org.axonframework.extensions.kafka.eventhandling.tokenstore.KafkaTokenStore,org.axonframework.extensions.kafka.eventhandling.tokenstore.KafkaTokenStore
.,org.axonframework.extensions.kafka.eventhandling.tokenstore,KafkaTokenStoreConcurrentIntegrationTest,ableToStoreAfterSetClaimTimeout,18,1,0,222,1,org.axonframework.extensions.kafka.eventhandling.tokenstore.KafkaTokenStore,org.axonframework.extensions.kafka.eventhandling.tokenstore.KafkaTokenStore
.,org.axonframework.extensions.kafka.eventhandling.tokenstore,KafkaTokenStoreConcurrentIntegrationTest,getTokenStore,13,2,2,240,0,org.axonframework.extensions.kafka.eventhandling.tokenstore.KafkaTokenStore,org.axonframework.extensions.kafka.eventhandling.tokenstore.KafkaTokenStore
.,org.axonframework.extensions.kafka.eventhandling.tokenstore,KafkaTokenStoreConcurrentIntegrationTest,testConcurrency,18,2,2,267,0,,
.,org.axonframework.extensions.kafka.eventhandling.tokenstore,TokenUpdateDeserializerTest,testDeserializeUnsupportedOperation,5,1,0,36,1,,
.,org.axonframework.extensions.kafka.eventhandling.tokenstore,TokenUpdateDeserializerTest,testDeserializerMostlyEmpty,11,1,0,43,1,org.axonframework.extensions.kafka.eventhandling.tokenstore.TokenUpdateDeserializer,org.axonframework.extensions.kafka.eventhandling.tokenstore.TokenUpdateDeserializer; org.axonframework.extensions.kafka.eventhandling.HeaderUtils; org.axonframework.extensions.kafka.eventhandling.tokenstore.TokenUpdate
.,org.axonframework.extensions.kafka.eventhandling.tokenstore,TokenUpdateSerializerTest,testSerializeUnsupportedOperation,4,1,0,41,1,,
.,org.axonframework.extensions.kafka.eventhandling.tokenstore,TokenUpdateSerializerTest,testSerializeHappyFlow,11,1,0,47,1,org.axonframework.extensions.kafka.eventhandling.tokenstore.TokenUpdateSerializer,org.axonframework.extensions.kafka.eventhandling.HeaderUtils; org.axonframework.extensions.kafka.eventhandling.tokenstore.TokenUpdateSerializer
.,org.axonframework.extensions.kafka.eventhandling.tokenstore,KafkaTokenStoreIntegrationTest,setUp,3,1,0,55,0,,
.,org.axonframework.extensions.kafka.eventhandling.tokenstore,KafkaTokenStoreIntegrationTest,teardown,3,1,0,60,0,org.axonframework.extensions.kafka.eventhandling.tokenstore.KafkaTokenStore,org.axonframework.extensions.kafka.eventhandling.tokenstore.KafkaTokenStore
.,org.axonframework.extensions.kafka.eventhandling.tokenstore,KafkaTokenStoreIntegrationTest,after,3,1,0,65,0,,
.,org.axonframework.extensions.kafka.eventhandling.tokenstore,KafkaTokenStoreIntegrationTest,storeTokenWhenNotInitialized,4,1,0,70,1,,
.,org.axonframework.extensions.kafka.eventhandling.tokenstore,KafkaTokenStoreIntegrationTest,fetchTokenWhenItsNotThere,3,1,0,77,1,,
.,org.axonframework.extensions.kafka.eventhandling.tokenstore,KafkaTokenStoreIntegrationTest,fetchTokenWhenNotTheOwner,6,1,0,82,1,org.axonframework.extensions.kafka.eventhandling.tokenstore.KafkaTokenStore,org.axonframework.extensions.kafka.eventhandling.tokenstore.KafkaTokenStore
.,org.axonframework.extensions.kafka.eventhandling.tokenstore,KafkaTokenStoreIntegrationTest,requiresExplicitSegmentInitializationTest,4,1,0,90,1,org.axonframework.extensions.kafka.eventhandling.tokenstore.KafkaTokenStore,org.axonframework.extensions.kafka.eventhandling.tokenstore.KafkaTokenStore
.,org.axonframework.extensions.kafka.eventhandling.tokenstore,KafkaTokenStoreIntegrationTest,deleteTokenHappyFlow,7,1,0,96,1,org.axonframework.extensions.kafka.eventhandling.tokenstore.KafkaTokenStore,org.axonframework.extensions.kafka.eventhandling.tokenstore.KafkaTokenStore
.,org.axonframework.extensions.kafka.eventhandling.tokenstore,KafkaTokenStoreIntegrationTest,deleteTokenWhenNotInitialized,3,1,0,105,1,,
.,org.axonframework.extensions.kafka.eventhandling.tokenstore,KafkaTokenStoreIntegrationTest,testInitializeTokensWithoutInitialToken,9,2,0,110,1,org.axonframework.extensions.kafka.eventhandling.tokenstore.KafkaTokenStore,org.axonframework.extensions.kafka.eventhandling.tokenstore.KafkaTokenStore
.,org.axonframework.extensions.kafka.eventhandling.tokenstore,KafkaTokenStoreIntegrationTest,testInitializeTokensWhenThereIsAlreadyASegment,4,1,0,122,1,org.axonframework.extensions.kafka.eventhandling.tokenstore.KafkaTokenStore,org.axonframework.extensions.kafka.eventhandling.tokenstore.KafkaTokenStore
.,org.axonframework.extensions.kafka.eventhandling.tokenstore,KafkaTokenStoreIntegrationTest,testInitializeTokensAtGivenPosition,10,2,0,128,1,org.axonframework.extensions.kafka.eventhandling.tokenstore.KafkaTokenStore,org.axonframework.extensions.kafka.eventhandling.tokenstore.KafkaTokenStore
.,org.axonframework.extensions.kafka.eventhandling.tokenstore,KafkaTokenStoreIntegrationTest,testInitializeSegmentWithToken,6,1,0,141,1,org.axonframework.extensions.kafka.eventhandling.tokenstore.KafkaTokenStore,org.axonframework.extensions.kafka.eventhandling.tokenstore.KafkaTokenStore
.,org.axonframework.extensions.kafka.eventhandling.tokenstore,KafkaTokenStoreIntegrationTest,testInitializeSegmentWithNull,5,1,0,149,1,org.axonframework.extensions.kafka.eventhandling.tokenstore.KafkaTokenStore,org.axonframework.extensions.kafka.eventhandling.tokenstore.KafkaTokenStore
.,org.axonframework.extensions.kafka.eventhandling.tokenstore,KafkaTokenStoreIntegrationTest,testInitializeSegmentWhenAlreadyThere,4,1,0,156,1,org.axonframework.extensions.kafka.eventhandling.tokenstore.KafkaTokenStore,org.axonframework.extensions.kafka.eventhandling.tokenstore.KafkaTokenStore
.,org.axonframework.extensions.kafka.eventhandling.tokenstore,KafkaTokenStoreIntegrationTest,releaseTokenWhenNotInitialized,4,1,0,163,1,org.axonframework.extensions.kafka.eventhandling.tokenstore.KafkaTokenStore,org.axonframework.extensions.kafka.eventhandling.tokenstore.KafkaTokenStore
.,org.axonframework.extensions.kafka.eventhandling.tokenstore,KafkaTokenStoreIntegrationTest,testStoreTokenWhenNotInitialized,4,1,0,169,1,,
.,org.axonframework.extensions.kafka.eventhandling.tokenstore,KafkaTokenStoreIntegrationTest,testStoreTokenWhenIsInitialized,7,1,0,176,1,org.axonframework.extensions.kafka.eventhandling.tokenstore.KafkaTokenStore,org.axonframework.extensions.kafka.eventhandling.tokenstore.KafkaTokenStore
.,org.axonframework.extensions.kafka.eventhandling.tokenstore,KafkaTokenStoreIntegrationTest,getTokenStore,10,1,0,185,0,org.axonframework.extensions.kafka.eventhandling.tokenstore.KafkaTokenStore,org.axonframework.extensions.kafka.eventhandling.tokenstore.KafkaTokenStore
.,org.axonframework.extensions.kafka.eventhandling.tokenstore,KafkaTokenStoreBuilderTest,before,3,1,0,43,0,,
.,org.axonframework.extensions.kafka.eventhandling.tokenstore,KafkaTokenStoreBuilderTest,testBuildWithoutSerializer,4,1,0,48,1,org.axonframework.extensions.kafka.eventhandling.tokenstore.KafkaTokenStore,org.axonframework.extensions.kafka.eventhandling.tokenstore.KafkaTokenStore
.,org.axonframework.extensions.kafka.eventhandling.tokenstore,KafkaTokenStoreBuilderTest,testBuildWithoutConsumerConfig,4,1,0,57,1,org.axonframework.extensions.kafka.eventhandling.tokenstore.KafkaTokenStore,org.axonframework.extensions.kafka.eventhandling.tokenstore.KafkaTokenStore
.,org.axonframework.extensions.kafka.eventhandling.tokenstore,KafkaTokenStoreBuilderTest,testBuildWithoutProducerConfig,4,1,0,66,1,org.axonframework.extensions.kafka.eventhandling.tokenstore.KafkaTokenStore,org.axonframework.extensions.kafka.eventhandling.tokenstore.KafkaTokenStore
.,org.axonframework.extensions.kafka.eventhandling.tokenstore,KafkaTokenStoreBuilderTest,testBuildWithInvalidConsumerConfiguration,5,1,0,75,1,org.axonframework.extensions.kafka.eventhandling.tokenstore.KafkaTokenStore,org.axonframework.extensions.kafka.eventhandling.tokenstore.KafkaTokenStore
.,org.axonframework.extensions.kafka.eventhandling.tokenstore,KafkaTokenStoreBuilderTest,testBuildWithInvalidProducerConfiguration,5,1,0,82,1,org.axonframework.extensions.kafka.eventhandling.tokenstore.KafkaTokenStore,org.axonframework.extensions.kafka.eventhandling.tokenstore.KafkaTokenStore
.,org.axonframework.extensions.kafka.eventhandling.tokenstore,KafkaTokenStoreBuilderTest,testBuildWithEmptyTopic,4,1,0,89,1,org.axonframework.extensions.kafka.eventhandling.tokenstore.KafkaTokenStore,org.axonframework.extensions.kafka.eventhandling.tokenstore.KafkaTokenStore
.,org.axonframework.extensions.kafka.eventhandling.tokenstore,KafkaTokenStoreBuilderTest,testBuildWithNullSerializer,4,1,0,95,1,org.axonframework.extensions.kafka.eventhandling.tokenstore.KafkaTokenStore,org.axonframework.extensions.kafka.eventhandling.tokenstore.KafkaTokenStore
.,org.axonframework.extensions.kafka.eventhandling.tokenstore,KafkaTokenStoreBuilderTest,testBuildWithEmptyNodeId,4,1,0,101,1,org.axonframework.extensions.kafka.eventhandling.tokenstore.KafkaTokenStore,org.axonframework.extensions.kafka.eventhandling.tokenstore.KafkaTokenStore
.,org.axonframework.extensions.kafka.eventhandling.tokenstore,KafkaTokenStoreBuilderTest,testBuildWithNullExecutor,4,1,0,107,1,org.axonframework.extensions.kafka.eventhandling.tokenstore.KafkaTokenStore,org.axonframework.extensions.kafka.eventhandling.tokenstore.KafkaTokenStore
.,org.axonframework.extensions.kafka.eventhandling.tokenstore,KafkaTokenStoreBuilderTest,testBuildWithNullWriteTimeout,4,1,0,113,1,org.axonframework.extensions.kafka.eventhandling.tokenstore.KafkaTokenStore,org.axonframework.extensions.kafka.eventhandling.tokenstore.KafkaTokenStore
.,org.axonframework.extensions.kafka.eventhandling.tokenstore,KafkaTokenStoreBuilderTest,testBuildWithNullReadTimeout,4,1,0,119,1,org.axonframework.extensions.kafka.eventhandling.tokenstore.KafkaTokenStore,org.axonframework.extensions.kafka.eventhandling.tokenstore.KafkaTokenStore
.,org.axonframework.extensions.kafka.eventhandling.tokenstore,KafkaTokenStoreBuilderTest,testBuildWithNullOnShutdown,4,1,0,125,1,org.axonframework.extensions.kafka.eventhandling.tokenstore.KafkaTokenStore,org.axonframework.extensions.kafka.eventhandling.tokenstore.KafkaTokenStore
.,org.axonframework.extensions.kafka.eventhandling.tokenstore,TokenUpdateSerializer,serialize,3,1,2,30,0,,
.,org.axonframework.extensions.kafka.eventhandling.tokenstore,TokenUpdateSerializer,serialize,4,1,3,44,0,org.axonframework.extensions.kafka.eventhandling.tokenstore.TokenUpdate,org.axonframework.extensions.kafka.eventhandling.tokenstore.TokenUpdate
.,org.axonframework.extensions.kafka.eventhandling.tokenstore,TokenUpdateDeserializer,deserialize,3,1,2,30,0,,
.,org.axonframework.extensions.kafka.eventhandling.tokenstore,TokenUpdateDeserializer,deserialize,3,1,3,43,0,,
.,org.axonframework.extensions.kafka.eventhandling.tokenstore,TokenStoreState,TokenStoreState,9,1,7,82,0,,
.,org.axonframework.extensions.kafka.eventhandling.tokenstore,TokenStoreState,send,25,2,1,108,0,org.axonframework.extensions.kafka.eventhandling.tokenstore.TokenUpdate,org.axonframework.extensions.kafka.eventhandling.tokenstore.TokenUpdate
.,org.axonframework.extensions.kafka.eventhandling.tokenstore,TokenStoreState,getCurrent,4,1,2,134,0,org.axonframework.extensions.kafka.eventhandling.tokenstore.TokenStoreState,org.axonframework.extensions.kafka.eventhandling.tokenstore.TokenStoreState
.,org.axonframework.extensions.kafka.eventhandling.tokenstore,TokenStoreState,fetchSegments,4,1,1,139,0,org.axonframework.extensions.kafka.eventhandling.tokenstore.TokenStoreState,org.axonframework.extensions.kafka.eventhandling.tokenstore.TokenStoreState
.,org.axonframework.extensions.kafka.eventhandling.tokenstore,TokenStoreState,fetchAll,4,1,1,144,0,org.axonframework.extensions.kafka.eventhandling.tokenstore.TokenStoreState,org.axonframework.extensions.kafka.eventhandling.tokenstore.TokenStoreState
.,org.axonframework.extensions.kafka.eventhandling.tokenstore,TokenStoreState,start,6,2,0,149,0,,
.,org.axonframework.extensions.kafka.eventhandling.tokenstore,TokenStoreState,close,11,2,0,156,0,,
.,org.axonframework.extensions.kafka.eventhandling.tokenstore,TokenStoreState,toPrimitiveIntArray,8,2,1,167,0,,
.,org.axonframework.extensions.kafka.eventhandling.tokenstore,TokenStoreState,waitTillReady,16,2,0,176,0,org.axonframework.extensions.kafka.eventhandling.tokenstore.TokenStoreState,org.axonframework.extensions.kafka.eventhandling.tokenstore.TokenStoreState
.,org.axonframework.extensions.kafka.eventhandling.tokenstore,TokenStoreState,startConsumer,43,7,0,191,0,org.axonframework.extensions.kafka.eventhandling.tokenstore.TokenStoreState,org.axonframework.extensions.kafka.eventhandling.tokenstore.TokenStoreState
.,org.axonframework.extensions.kafka.eventhandling.tokenstore,TokenStoreState,createTopic,16,1,0,236,0,,
.,org.axonframework.extensions.kafka.eventhandling.tokenstore,TokenStoreState,update,17,2,1,261,0,org.axonframework.extensions.kafka.eventhandling.tokenstore.TokenStoreState,org.axonframework.extensions.kafka.eventhandling.tokenstore.TokenStoreState; org.axonframework.extensions.kafka.eventhandling.tokenstore.TokenUpdate
.,org.axonframework.extensions.kafka.eventhandling.tokenstore,TokenStoreState,updateAddition,10,1,1,279,0,org.axonframework.extensions.kafka.eventhandling.tokenstore.TokenStoreState,org.axonframework.extensions.kafka.eventhandling.tokenstore.TokenStoreState; org.axonframework.extensions.kafka.eventhandling.tokenstore.TokenUpdate
.,org.axonframework.extensions.kafka.eventhandling.tokenstore,TokenStoreState,updateDeletion,9,1,1,292,0,org.axonframework.extensions.kafka.eventhandling.tokenstore.TokenUpdate,org.axonframework.extensions.kafka.eventhandling.tokenstore.TokenUpdate
.,org.axonframework.extensions.kafka.eventhandling.tokenstore,TokenStoreState,updateState,4,1,1,301,0,org.axonframework.extensions.kafka.eventhandling.tokenstore.TokenUpdate,org.axonframework.extensions.kafka.eventhandling.tokenstore.TokenUpdate
.,org.axonframework.extensions.kafka.eventhandling.tokenstore,TokenStoreState,mergeFunction,8,2,2,308,0,org.axonframework.extensions.kafka.eventhandling.tokenstore.TokenUpdate,org.axonframework.extensions.kafka.eventhandling.tokenstore.TokenUpdate
.,org.axonframework.extensions.kafka.eventhandling.tokenstore,KafkaTokenStore,builder,3,1,0,87,0,,
.,org.axonframework.extensions.kafka.eventhandling.tokenstore,KafkaTokenStore,KafkaTokenStore,8,1,1,108,0,,
.,org.axonframework.extensions.kafka.eventhandling.tokenstore,KafkaTokenStore,storeToken,12,3,3,134,0,org.axonframework.extensions.kafka.eventhandling.tokenstore.KafkaTokenStore,org.axonframework.extensions.kafka.eventhandling.tokenstore.KafkaTokenStore; org.axonframework.extensions.kafka.eventhandling.tokenstore.TokenStoreState; org.axonframework.extensions.kafka.eventhandling.tokenstore.TokenUpdate
.,org.axonframework.extensions.kafka.eventhandling.tokenstore,KafkaTokenStore,fetchToken,15,3,2,160,0,org.axonframework.extensions.kafka.eventhandling.tokenstore.KafkaTokenStore,org.axonframework.extensions.kafka.eventhandling.tokenstore.KafkaTokenStore; org.axonframework.extensions.kafka.eventhandling.tokenstore.TokenStoreState; org.axonframework.extensions.kafka.eventhandling.tokenstore.TokenUpdate
.,org.axonframework.extensions.kafka.eventhandling.tokenstore,KafkaTokenStore,requiresExplicitSegmentInitialization,3,1,0,187,0,,
.,org.axonframework.extensions.kafka.eventhandling.tokenstore,KafkaTokenStore,releaseClaim,7,2,2,195,0,org.axonframework.extensions.kafka.eventhandling.tokenstore.KafkaTokenStore,org.axonframework.extensions.kafka.eventhandling.tokenstore.KafkaTokenStore; org.axonframework.extensions.kafka.eventhandling.tokenstore.TokenStoreState
.,org.axonframework.extensions.kafka.eventhandling.tokenstore,KafkaTokenStore,deleteToken,7,2,2,209,0,org.axonframework.extensions.kafka.eventhandling.tokenstore.TokenStoreState,org.axonframework.extensions.kafka.eventhandling.tokenstore.TokenStoreState; org.axonframework.extensions.kafka.eventhandling.tokenstore.KafkaTokenStore
.,org.axonframework.extensions.kafka.eventhandling.tokenstore,KafkaTokenStore,initializeTokenSegments,3,1,2,223,0,org.axonframework.extensions.kafka.eventhandling.tokenstore.KafkaTokenStore,org.axonframework.extensions.kafka.eventhandling.tokenstore.KafkaTokenStore
.,org.axonframework.extensions.kafka.eventhandling.tokenstore,KafkaTokenStore,initializeTokenSegments,12,2,3,232,0,org.axonframework.extensions.kafka.eventhandling.tokenstore.TokenUpdate,org.axonframework.extensions.kafka.eventhandling.tokenstore.TokenUpdate; org.axonframework.extensions.kafka.eventhandling.tokenstore.KafkaTokenStore; org.axonframework.extensions.kafka.eventhandling.tokenstore.TokenStoreState
.,org.axonframework.extensions.kafka.eventhandling.tokenstore,KafkaTokenStore,initializeSegment,8,2,3,262,0,org.axonframework.extensions.kafka.eventhandling.tokenstore.KafkaTokenStore,org.axonframework.extensions.kafka.eventhandling.tokenstore.KafkaTokenStore; org.axonframework.extensions.kafka.eventhandling.tokenstore.TokenStoreState
.,org.axonframework.extensions.kafka.eventhandling.tokenstore,KafkaTokenStore,fetchSegments,3,1,1,280,0,org.axonframework.extensions.kafka.eventhandling.tokenstore.TokenStoreState,org.axonframework.extensions.kafka.eventhandling.tokenstore.TokenStoreState
.,org.axonframework.extensions.kafka.eventhandling.tokenstore,KafkaTokenStore,fetchAvailableSegments,4,1,1,288,0,org.axonframework.extensions.kafka.eventhandling.tokenstore.KafkaTokenStore,org.axonframework.extensions.kafka.eventhandling.tokenstore.KafkaTokenStore; org.axonframework.extensions.kafka.eventhandling.tokenstore.TokenStoreState; org.axonframework.extensions.kafka.eventhandling.tokenstore.TokenUpdate
.,org.axonframework.extensions.kafka.eventhandling.tokenstore,KafkaTokenStore,start,3,1,0,301,0,org.axonframework.extensions.kafka.eventhandling.tokenstore.TokenStoreState,org.axonframework.extensions.kafka.eventhandling.tokenstore.TokenStoreState
.,org.axonframework.extensions.kafka.eventhandling.tokenstore,KafkaTokenStore,close,3,1,0,308,0,org.axonframework.extensions.kafka.eventhandling.tokenstore.TokenStoreState,org.axonframework.extensions.kafka.eventhandling.tokenstore.TokenStoreState
.,org.axonframework.extensions.kafka.eventhandling.tokenstore,KafkaTokenStore,registerLifecycleHandlers,4,1,1,316,0,,
.,org.axonframework.extensions.kafka.eventhandling.tokenstore,KafkaTokenStore,send,4,1,1,342,0,org.axonframework.extensions.kafka.eventhandling.tokenstore.TokenUpdate,org.axonframework.extensions.kafka.eventhandling.tokenstore.TokenUpdate; org.axonframework.extensions.kafka.eventhandling.tokenstore.KafkaTokenStore; org.axonframework.extensions.kafka.eventhandling.tokenstore.TokenStoreState
.,org.axonframework.extensions.kafka.eventhandling.tokenstore,KafkaTokenStore,delete,4,1,1,347,0,org.axonframework.extensions.kafka.eventhandling.tokenstore.TokenUpdate,org.axonframework.extensions.kafka.eventhandling.tokenstore.TokenUpdate; org.axonframework.extensions.kafka.eventhandling.tokenstore.KafkaTokenStore; org.axonframework.extensions.kafka.eventhandling.tokenstore.TokenStoreState
.,org.axonframework.extensions.kafka.eventhandling.tokenstore,KafkaTokenStore,handleFuture,20,2,1,352,0,,
.,org.axonframework.extensions.kafka.eventhandling.tokenstore,KafkaTokenStore,isAvailable,10,1,1,382,0,org.axonframework.extensions.kafka.eventhandling.tokenstore.KafkaTokenStore,org.axonframework.extensions.kafka.eventhandling.tokenstore.KafkaTokenStore
.,org.axonframework.extensions.kafka.eventhandling.tokenstore,KafkaTokenStore,updatableToken,11,3,1,392,0,org.axonframework.extensions.kafka.eventhandling.tokenstore.TokenUpdate,org.axonframework.extensions.kafka.eventhandling.tokenstore.TokenUpdate
.,org.axonframework.extensions.kafka.eventhandling.tokenstore,KafkaTokenStore,deletableToken,8,2,1,405,0,org.axonframework.extensions.kafka.eventhandling.tokenstore.TokenUpdate,org.axonframework.extensions.kafka.eventhandling.tokenstore.TokenUpdate
.,org.axonframework.extensions.kafka.eventhandling.tokenstore,KafkaTokenStore,tokenUpdateToReleaseUpdate,5,1,1,417,0,org.axonframework.extensions.kafka.eventhandling.tokenstore.TokenUpdate,org.axonframework.extensions.kafka.eventhandling.tokenstore.TokenUpdate
.,org.axonframework.extensions.kafka.eventhandling.tokenstore,TokenStoreInitializationException,TokenStoreInitializationException,3,1,1,29,0,,
.,org.axonframework.extensions.kafka.eventhandling.tokenstore,TokenUpdate,TokenUpdate,10,1,2,63,0,,
.,org.axonframework.extensions.kafka.eventhandling.tokenstore,TokenUpdate,TokenUpdate,10,1,2,82,0,org.axonframework.extensions.kafka.eventhandling.HeaderUtils,org.axonframework.extensions.kafka.eventhandling.HeaderUtils
.,org.axonframework.extensions.kafka.eventhandling.tokenstore,TokenUpdate,TokenUpdate,10,1,2,99,0,,
.,org.axonframework.extensions.kafka.eventhandling.tokenstore,TokenUpdate,setHeaders,9,1,1,116,0,org.axonframework.extensions.kafka.eventhandling.HeaderUtils,org.axonframework.extensions.kafka.eventhandling.HeaderUtils
.,org.axonframework.extensions.kafka.eventhandling.tokenstore,TokenUpdate,toTokenEntry,3,1,0,126,0,,
.,org.axonframework.extensions.kafka.eventhandling.tokenstore,TokenUpdate,getId,3,1,0,138,0,,
.,org.axonframework.extensions.kafka.eventhandling.tokenstore,TokenUpdate,getProcessorName,3,1,0,142,0,,
.,org.axonframework.extensions.kafka.eventhandling.tokenstore,TokenUpdate,getSegment,3,1,0,146,0,,
.,org.axonframework.extensions.kafka.eventhandling.tokenstore,TokenUpdate,getOwner,3,1,0,150,0,,
.,org.axonframework.extensions.kafka.eventhandling.tokenstore,TokenUpdate,getToken,3,1,0,154,0,,
.,org.axonframework.extensions.kafka.eventhandling.tokenstore,TokenUpdate,getTimestamp,3,1,0,158,0,,
.,org.axonframework.extensions.kafka.eventhandling.tokenstore,TokenUpdate,getSequenceNumber,3,1,0,162,0,,
.,org.axonframework.extensions.kafka.eventhandling.cloudevent,CloudEventKafkaMessageConverterTest,assertEventMessage,7,1,2,69,0,,
.,org.axonframework.extensions.kafka.eventhandling.cloudevent,CloudEventKafkaMessageConverterTest,eventMessage,3,1,0,77,0,,
.,org.axonframework.extensions.kafka.eventhandling.cloudevent,CloudEventKafkaMessageConverterTest,domainMessage,3,1,0,84,0,,
.,org.axonframework.extensions.kafka.eventhandling.cloudevent,CloudEventKafkaMessageConverterTest,toReceiverRecord,5,1,1,90,0,,
.,org.axonframework.extensions.kafka.eventhandling.cloudevent,CloudEventKafkaMessageConverterTest,setUp,6,1,0,98,0,org.axonframework.extensions.kafka.eventhandling.cloudevent.CloudEventKafkaMessageConverter,org.axonframework.extensions.kafka.eventhandling.cloudevent.CloudEventKafkaMessageConverter
.,org.axonframework.extensions.kafka.eventhandling.cloudevent,CloudEventKafkaMessageConverterTest,testKafkaKeyGenerationEventMessageShouldBeNull,4,1,0,109,1,org.axonframework.extensions.kafka.eventhandling.cloudevent.CloudEventKafkaMessageConverter,org.axonframework.extensions.kafka.eventhandling.cloudevent.CloudEventKafkaMessageConverter
.,org.axonframework.extensions.kafka.eventhandling.cloudevent,CloudEventKafkaMessageConverterTest,testKafkaKeyGenerationDomainMessageShouldBeAggregateIdentifier,4,1,0,116,1,org.axonframework.extensions.kafka.eventhandling.cloudevent.CloudEventKafkaMessageConverter,org.axonframework.extensions.kafka.eventhandling.cloudevent.CloudEventKafkaMessageConverter
.,org.axonframework.extensions.kafka.eventhandling.cloudevent,CloudEventKafkaMessageConverterTest,whenNoSourceSupplierSet_thenSourceShouldBeAxonIQ,4,1,0,123,1,org.axonframework.extensions.kafka.eventhandling.cloudevent.CloudEventKafkaMessageConverter,org.axonframework.extensions.kafka.eventhandling.cloudevent.CloudEventKafkaMessageConverter
.,org.axonframework.extensions.kafka.eventhandling.cloudevent,CloudEventKafkaMessageConverterTest,whenNoDataContentTypeSupplierSet_thenDataTypeShouldBeNull,4,1,0,130,1,org.axonframework.extensions.kafka.eventhandling.cloudevent.CloudEventKafkaMessageConverter,org.axonframework.extensions.kafka.eventhandling.cloudevent.CloudEventKafkaMessageConverter
.,org.axonframework.extensions.kafka.eventhandling.cloudevent,CloudEventKafkaMessageConverterTest,whenNoDataSchemaSet_thenDataSchemaShouldBeNull,4,1,0,137,1,org.axonframework.extensions.kafka.eventhandling.cloudevent.CloudEventKafkaMessageConverter,org.axonframework.extensions.kafka.eventhandling.cloudevent.CloudEventKafkaMessageConverter
.,org.axonframework.extensions.kafka.eventhandling.cloudevent,CloudEventKafkaMessageConverterTest,whenWritingEventMessageAsKafkaMessage_thenShouldStoreMetaData,6,1,0,144,1,org.axonframework.extensions.kafka.eventhandling.cloudevent.CloudEventKafkaMessageConverter,org.axonframework.extensions.kafka.eventhandling.cloudevent.CloudEventKafkaMessageConverter
.,org.axonframework.extensions.kafka.eventhandling.cloudevent,CloudEventKafkaMessageConverterTest,whenWritingDomainMessageAsKafkaMessage_thenShouldAppendDomainHeaders,8,1,0,153,1,org.axonframework.extensions.kafka.eventhandling.cloudevent.CloudEventKafkaMessageConverter,org.axonframework.extensions.kafka.eventhandling.cloudevent.CloudEventKafkaMessageConverter
.,org.axonframework.extensions.kafka.eventhandling.cloudevent,CloudEventKafkaMessageConverterTest,whenKafkaReturnNullHeaders_thenShouldReturnEmptyMessage,5,1,0,164,1,org.axonframework.extensions.kafka.eventhandling.cloudevent.CloudEventKafkaMessageConverter,org.axonframework.extensions.kafka.eventhandling.cloudevent.CloudEventKafkaMessageConverter
.,org.axonframework.extensions.kafka.eventhandling.cloudevent,CloudEventKafkaMessageConverterTest,whenMinimalCloudEventRead_thenShouldReturnAxonMessageAnywayBasedOnDefaults,6,1,0,173,1,org.axonframework.extensions.kafka.eventhandling.cloudevent.CloudEventKafkaMessageConverter,org.axonframework.extensions.kafka.eventhandling.cloudevent.CloudEventKafkaMessageConverter
.,org.axonframework.extensions.kafka.eventhandling.cloudevent,CloudEventKafkaMessageConverterTest,whenWritingEventMessage_thenShouldBeReadAsEventMessageAndPassUpcaster,14,1,0,184,1,org.axonframework.extensions.kafka.eventhandling.cloudevent.CloudEventKafkaMessageConverter,org.axonframework.extensions.kafka.eventhandling.cloudevent.CloudEventKafkaMessageConverter
.,org.axonframework.extensions.kafka.eventhandling.cloudevent,CloudEventKafkaMessageConverterTest,whenWritingEventMessageWithNullRevision_thenShouldWriteRevisionAsNull,5,1,0,203,1,org.axonframework.extensions.kafka.eventhandling.cloudevent.CloudEventKafkaMessageConverter,org.axonframework.extensions.kafka.eventhandling.cloudevent.CloudEventKafkaMessageConverter; org.axonframework.extensions.kafka.eventhandling.HeaderUtils
.,org.axonframework.extensions.kafka.eventhandling.cloudevent,CloudEventKafkaMessageConverterTest,whenWritingDomainEventMessage_thenShouldBeReadAsDomainMessage,7,1,0,211,1,org.axonframework.extensions.kafka.eventhandling.cloudevent.CloudEventKafkaMessageConverter,org.axonframework.extensions.kafka.eventhandling.cloudevent.CloudEventKafkaMessageConverter
.,org.axonframework.extensions.kafka.eventhandling.cloudevent,CloudEventKafkaMessageConverterTest,whenWritingDomainEventMessage_thenShouldBeReadAsDomainMessageAndPassUpcaster,15,1,0,221,1,org.axonframework.extensions.kafka.eventhandling.cloudevent.CloudEventKafkaMessageConverter,org.axonframework.extensions.kafka.eventhandling.cloudevent.CloudEventKafkaMessageConverter
.,org.axonframework.extensions.kafka.eventhandling.cloudevent,CloudEventKafkaMessageConverterTest,whenBuildWithoutSerializer_thenThrowsAxonConfigurationException,4,1,0,242,1,org.axonframework.extensions.kafka.eventhandling.DefaultKafkaMessageConverter,org.axonframework.extensions.kafka.eventhandling.DefaultKafkaMessageConverter
.,org.axonframework.extensions.kafka.eventhandling.cloudevent,CloudEventKafkaMessageConverterTest,whenBuildWithNullSerializer_thenThrowsAxonConfigurationException,4,1,0,249,1,org.axonframework.extensions.kafka.eventhandling.DefaultKafkaMessageConverter,org.axonframework.extensions.kafka.eventhandling.DefaultKafkaMessageConverter
.,org.axonframework.extensions.kafka.eventhandling.cloudevent,CloudEventKafkaMessageConverterTest,whenBuildWithNullSequencingPolicy_thenThrowsAxonConfigurationException,4,1,0,256,1,org.axonframework.extensions.kafka.eventhandling.DefaultKafkaMessageConverter,org.axonframework.extensions.kafka.eventhandling.DefaultKafkaMessageConverter
.,org.axonframework.extensions.kafka.eventhandling.cloudevent,CloudEventKafkaMessageConverterTest,whenBuildWithNullHeaderValueMapper_thenThrowsAxonConfigurationException,4,1,0,263,1,org.axonframework.extensions.kafka.eventhandling.DefaultKafkaMessageConverter,org.axonframework.extensions.kafka.eventhandling.DefaultKafkaMessageConverter
.,org.axonframework.extensions.kafka.eventhandling.cloudevent,CloudEventKafkaMessageConverterTest,whenBuildWithNullUpcasterChain_thenThrowsAxonConfigurationException,4,1,0,270,1,org.axonframework.extensions.kafka.eventhandling.DefaultKafkaMessageConverter,org.axonframework.extensions.kafka.eventhandling.DefaultKafkaMessageConverter
.,org.axonframework.extensions.kafka.eventhandling.cloudevent,CloudEventKafkaMessageConverterTest,whenMetadataContainsReservedName_thenThrowAnError,4,1,0,277,1,,
.,org.axonframework.extensions.kafka.eventhandling.cloudevent,CloudEventKafkaMessageConverterTest,whenMetadataContainsWrongName_thenThrowAnError,4,1,0,285,1,,
.,org.axonframework.extensions.kafka.eventhandling.cloudevent,CloudEventKafkaMessageConverterTest,whenMetadataContainsUnsupportedValue_thenThrowAnError,4,1,0,292,1,,
.,org.axonframework.extensions.kafka.eventhandling.cloudevent,CloudEventKafkaMessageConverterTest,whenSequencingPolicyIsSet_thenItShouldBeUsed,6,1,0,300,1,org.axonframework.extensions.kafka.eventhandling.cloudevent.CloudEventKafkaMessageConverter,org.axonframework.extensions.kafka.eventhandling.cloudevent.CloudEventKafkaMessageConverter
.,org.axonframework.extensions.kafka.eventhandling.cloudevent,CloudEventKafkaMessageConverterTest,whenAddMetadataMappersIsSupplied_thenItShouldBeUsed,10,1,0,313,1,org.axonframework.extensions.kafka.eventhandling.cloudevent.CloudEventKafkaMessageConverter,org.axonframework.extensions.kafka.eventhandling.cloudevent.CloudEventKafkaMessageConverter
.,org.axonframework.extensions.kafka.eventhandling.cloudevent,CloudEventKafkaMessageConverterTest,whenAddMetadataMapperIsSupplied_thenItShouldBeUsed,8,1,0,331,1,org.axonframework.extensions.kafka.eventhandling.cloudevent.CloudEventKafkaMessageConverter,org.axonframework.extensions.kafka.eventhandling.cloudevent.CloudEventKafkaMessageConverter
.,org.axonframework.extensions.kafka.eventhandling.cloudevent,CloudEventKafkaMessageConverterTest,whenSourceSupplierIsSet_thenItShouldBeUsed,7,1,0,346,1,org.axonframework.extensions.kafka.eventhandling.cloudevent.CloudEventKafkaMessageConverter,org.axonframework.extensions.kafka.eventhandling.cloudevent.CloudEventKafkaMessageConverter
.,org.axonframework.extensions.kafka.eventhandling.cloudevent,CloudEventKafkaMessageConverterTest,testSubjectSupplierIsSet_thenItShouldBeUsed,7,1,0,360,1,org.axonframework.extensions.kafka.eventhandling.cloudevent.CloudEventKafkaMessageConverter,org.axonframework.extensions.kafka.eventhandling.cloudevent.CloudEventKafkaMessageConverter
.,org.axonframework.extensions.kafka.eventhandling.cloudevent,CloudEventKafkaMessageConverterTest,testDataContentTypeIsSet_thenItShouldBeUsed,7,1,0,373,1,org.axonframework.extensions.kafka.eventhandling.cloudevent.CloudEventKafkaMessageConverter,org.axonframework.extensions.kafka.eventhandling.cloudevent.CloudEventKafkaMessageConverter
.,org.axonframework.extensions.kafka.eventhandling.cloudevent,CloudEventKafkaMessageConverterTest,testDataSchemaIsSet_thenItShouldBeUsed,13,2,0,386,1,org.axonframework.extensions.kafka.eventhandling.cloudevent.CloudEventKafkaMessageConverter,org.axonframework.extensions.kafka.eventhandling.cloudevent.CloudEventKafkaMessageConverter
.,org.axonframework.extensions.kafka.eventhandling.cloudevent,CloudEventKafkaMessageConverterTest,givenAnAxonEventWithSubjectMetadata_whenDefaultResolversAreUsed_thenSubjectIsPresentInCloudEvent,6,1,0,404,1,org.axonframework.extensions.kafka.eventhandling.cloudevent.CloudEventKafkaMessageConverter,org.axonframework.extensions.kafka.eventhandling.cloudevent.CloudEventKafkaMessageConverter
.,org.axonframework.extensions.kafka.eventhandling.cloudevent,CloudEventKafkaMessageConverterTest,givenAnAxonEventWithContentTypeMetadata_whenDefaultResolversAreUsed_thenContentTypeIsPresentInCloudEvent,6,1,0,414,1,org.axonframework.extensions.kafka.eventhandling.cloudevent.CloudEventKafkaMessageConverter,org.axonframework.extensions.kafka.eventhandling.cloudevent.CloudEventKafkaMessageConverter
.,org.axonframework.extensions.kafka.eventhandling.cloudevent,CloudEventKafkaMessageConverterTest,givenAnAxonEventWithDataSchemaMetadata_whenDefaultResolversAreUsed_thenDataSchemaIsPresentInCloudEvent,6,1,0,424,1,org.axonframework.extensions.kafka.eventhandling.cloudevent.CloudEventKafkaMessageConverter,org.axonframework.extensions.kafka.eventhandling.cloudevent.CloudEventKafkaMessageConverter
.,org.axonframework.extensions.kafka.eventhandling.cloudevent,CloudEventKafkaMessageConverterTest,givenAnCloudEventWithSubject_whenConvertedToAxonEvent_thenSubjectIsPresentInMetadata,7,1,0,434,1,org.axonframework.extensions.kafka.eventhandling.cloudevent.CloudEventKafkaMessageConverter,org.axonframework.extensions.kafka.eventhandling.cloudevent.CloudEventKafkaMessageConverter
.,org.axonframework.extensions.kafka.eventhandling.cloudevent,CloudEventKafkaMessageConverterTest,givenAnCloudEventWithDataContentType_whenConvertedToAxonEvent_thenDataContentTypeIsPresentInMetadata,7,1,0,449,1,org.axonframework.extensions.kafka.eventhandling.cloudevent.CloudEventKafkaMessageConverter,org.axonframework.extensions.kafka.eventhandling.cloudevent.CloudEventKafkaMessageConverter
.,org.axonframework.extensions.kafka.eventhandling.cloudevent,CloudEventKafkaMessageConverterTest,givenAnCloudEventWithDataSchema_whenConvertedToAxonEvent_thenDataSchemaIsPresentInMetadata,7,1,0,464,1,org.axonframework.extensions.kafka.eventhandling.cloudevent.CloudEventKafkaMessageConverter,org.axonframework.extensions.kafka.eventhandling.cloudevent.CloudEventKafkaMessageConverter
.,org.axonframework.extensions.kafka.eventhandling.cloudevent,CloudEventKafkaMessageConverterTest,assertDomainMessage,5,1,2,480,0,,
.,org.axonframework.extensions.kafka.eventhandling.cloudevent,CloudEventKafkaMessageConverterTest,receiverMessage,3,1,1,486,0,org.axonframework.extensions.kafka.eventhandling.cloudevent.CloudEventKafkaMessageConverter,org.axonframework.extensions.kafka.eventhandling.cloudevent.CloudEventKafkaMessageConverter
.,org.axonframework.extensions.kafka.eventhandling.cloudevent,CloudEventKafkaMessageConverterTest,minimalCloudEvent,3,1,0,492,0,,
.,org.axonframework.extensions.kafka.eventhandling.cloudevent,CloudEventKafkaMessageConverterTest,minimalCloudEventAsBuilder,3,1,0,496,0,,
.,org.axonframework.extensions.kafka.eventhandling.cloudevent,InvalidMetaDataException,InvalidMetaDataException,3,1,1,29,0,,
.,org.axonframework.extensions.kafka.eventhandling.cloudevent,CloudEventKafkaMessageConverter,CloudEventKafkaMessageConverter,12,1,1,96,0,,
.,org.axonframework.extensions.kafka.eventhandling.cloudevent,CloudEventKafkaMessageConverter,builder,3,1,0,132,0,,
.,org.axonframework.extensions.kafka.eventhandling.cloudevent,CloudEventKafkaMessageConverter,createKafkaMessage,4,1,2,144,0,org.axonframework.extensions.kafka.eventhandling.cloudevent.CloudEventKafkaMessageConverter,org.axonframework.extensions.kafka.eventhandling.cloudevent.CloudEventKafkaMessageConverter
.,org.axonframework.extensions.kafka.eventhandling.cloudevent,CloudEventKafkaMessageConverter,toCloudEvent,13,1,2,170,0,org.axonframework.extensions.kafka.eventhandling.cloudevent.ExtensionUtils,org.axonframework.extensions.kafka.eventhandling.cloudevent.ExtensionUtils
.,org.axonframework.extensions.kafka.eventhandling.cloudevent,CloudEventKafkaMessageConverter,recordKey,4,1,1,184,0,,
.,org.axonframework.extensions.kafka.eventhandling.cloudevent,CloudEventKafkaMessageConverter,readKafkaMessage,11,1,1,189,0,org.axonframework.extensions.kafka.eventhandling.cloudevent.CloudEventKafkaMessageConverter,org.axonframework.extensions.kafka.eventhandling.cloudevent.CloudEventKafkaMessageConverter
.,org.axonframework.extensions.kafka.eventhandling.cloudevent,CloudEventKafkaMessageConverter,createEventData,3,1,2,211,0,org.axonframework.extensions.kafka.eventhandling.cloudevent.CloudEventKafkaMessageConverter,org.axonframework.extensions.kafka.eventhandling.cloudevent.CloudEventKafkaMessageConverter; org.axonframework.extensions.kafka.eventhandling.cloudevent.ExtensionUtils
.,org.axonframework.extensions.kafka.eventhandling.cloudevent,CloudEventKafkaMessageConverter,extractMetadataAsBytes,4,1,1,242,0,org.axonframework.extensions.kafka.eventhandling.cloudevent.MetadataUtils,org.axonframework.extensions.kafka.eventhandling.cloudevent.MetadataUtils; org.axonframework.extensions.kafka.eventhandling.cloudevent.ExtensionUtils
.,org.axonframework.extensions.kafka.eventhandling.cloudevent,CloudEventKafkaMessageConverter,isDomainEvent,3,1,1,248,0,,
.,org.axonframework.extensions.kafka.eventhandling.cloudevent,CloudEventKafkaMessageConverter,buildMessage,4,1,3,271,0,org.axonframework.extensions.kafka.eventhandling.cloudevent.CloudEventKafkaMessageConverter,org.axonframework.extensions.kafka.eventhandling.cloudevent.CloudEventKafkaMessageConverter; org.axonframework.extensions.kafka.eventhandling.cloudevent.ExtensionUtils
.,org.axonframework.extensions.kafka.eventhandling.cloudevent,CloudEventKafkaMessageConverter,buildDomainEventMessage,3,1,3,279,0,org.axonframework.extensions.kafka.eventhandling.cloudevent.ExtensionUtils,org.axonframework.extensions.kafka.eventhandling.cloudevent.ExtensionUtils
.,org.axonframework.extensions.kafka.eventhandling.cloudevent,CloudEventKafkaMessageConverter,buildEventMessage,3,1,2,291,0,,
.,org.axonframework.extensions.kafka.eventhandling.cloudevent,MetadataUtils,MetadataUtils,2,1,0,59,0,,
.,org.axonframework.extensions.kafka.eventhandling.cloudevent,MetadataUtils,reservedMetadataFilter,3,1,0,63,0,,
.,org.axonframework.extensions.kafka.eventhandling.cloudevent,MetadataUtils,getAdditionalEntries,13,4,1,72,0,,
.,org.axonframework.extensions.kafka.eventhandling.cloudevent,MetadataUtils,defaultSubjectSupplier,12,2,0,92,0,,
.,org.axonframework.extensions.kafka.eventhandling.cloudevent,MetadataUtils,defaultDataContentTypeSupplier,12,2,0,109,0,,
.,org.axonframework.extensions.kafka.eventhandling.cloudevent,MetadataUtils,defaultDataSchemaSupplier,12,2,0,127,0,,
.,org.axonframework.extensions.kafka.eventhandling.cloudevent,ExtensionUtils,ExtensionUtils,2,1,0,74,0,,
.,org.axonframework.extensions.kafka.eventhandling.cloudevent,ExtensionUtils,setExtensions,12,3,4,78,0,org.axonframework.extensions.kafka.eventhandling.cloudevent.MetadataUtils,org.axonframework.extensions.kafka.eventhandling.cloudevent.MetadataUtils
.,org.axonframework.extensions.kafka.eventhandling.cloudevent,ExtensionUtils,getExtensionsAsMetadata,10,2,2,111,0,,
.,org.axonframework.extensions.kafka.eventhandling.cloudevent,ExtensionUtils,resolveMetadataKey,7,2,2,128,0,,
.,org.axonframework.extensions.kafka.eventhandling.cloudevent,ExtensionUtils,resolveExtensionName,7,2,2,136,0,,
.,org.axonframework.extensions.kafka.eventhandling.cloudevent,ExtensionUtils,isNonMetadataExtension,3,1,1,144,0,,
.,org.axonframework.extensions.kafka.eventhandling.cloudevent,ExtensionUtils,setExtension,29,9,3,148,0,org.axonframework.extensions.kafka.eventhandling.cloudevent.ExtensionUtils,org.axonframework.extensions.kafka.eventhandling.cloudevent.ExtensionUtils
.,org.axonframework.extensions.kafka.eventhandling.cloudevent,ExtensionUtils,asNullableString,8,2,1,183,0,,
.,org.axonframework.extensions.kafka.eventhandling.cloudevent,ExtensionUtils,asLong,8,2,1,197,0,,
.,org.axonframework.extensions.kafka.eventhandling.cloudevent,ExtensionUtils,asOffsetDateTime,8,2,2,211,0,,
.,org.axonframework.extensions.kafka.eventhandling.cloudevent,ExtensionUtils,asBytes,8,2,1,228,0,,
.,org.axonframework.extensions.kafka.eventhandling.cloudevent,ExtensionUtils,isValidExtensionName,8,3,1,243,0,org.axonframework.extensions.kafka.eventhandling.cloudevent.ExtensionUtils,org.axonframework.extensions.kafka.eventhandling.cloudevent.ExtensionUtils
.,org.axonframework.extensions.kafka.eventhandling.cloudevent,ExtensionUtils,isValidChar,3,1,1,260,0,,
.,org.axonframework.extensions.kafka.eventhandling.cloudevent,ExtensionUtils,isValidMetadataToExtensionMap,8,3,1,264,0,org.axonframework.extensions.kafka.eventhandling.cloudevent.ExtensionUtils,org.axonframework.extensions.kafka.eventhandling.cloudevent.ExtensionUtils
.,org.axonframework.extensions.kafka.eventhandling,KafkaIntegrationTest,before,4,1,0,66,0,,
.,org.axonframework.extensions.kafka.eventhandling,KafkaIntegrationTest,after,3,1,0,72,0,,
.,org.axonframework.extensions.kafka.eventhandling,KafkaIntegrationTest,setUp,19,2,0,77,0,org.axonframework.extensions.kafka.eventhandling.producer.KafkaPublisher,org.axonframework.extensions.kafka.eventhandling.producer.KafkaPublisher; org.axonframework.extensions.kafka.eventhandling.consumer.AsyncFetcher; org.axonframework.extensions.kafka.eventhandling.producer.KafkaEventPublisher
.,org.axonframework.extensions.kafka.eventhandling,KafkaIntegrationTest,shutdown,5,1,0,108,0,org.axonframework.extensions.kafka.eventhandling.consumer.Fetcher,org.axonframework.extensions.kafka.eventhandling.consumer.Fetcher; org.axonframework.extensions.kafka.eventhandling.producer.ProducerFactory; org.axonframework.extensions.kafka.eventhandling.producer.KafkaPublisher
.,org.axonframework.extensions.kafka.eventhandling,KafkaIntegrationTest,testPublishAndReadMessages,12,1,0,115,1,org.axonframework.extensions.kafka.eventhandling.consumer.TopicSubscriberBuilder,org.axonframework.extensions.kafka.eventhandling.consumer.TopicSubscriberBuilder; org.axonframework.extensions.kafka.eventhandling.consumer.streamable.StreamableKafkaMessageSource
.,org.axonframework.extensions.kafka.eventhandling,KafkaIntegrationTest,testSkipPublishForLongPayload,13,1,0,139,1,org.axonframework.extensions.kafka.eventhandling.consumer.TopicSubscriberBuilder,org.axonframework.extensions.kafka.eventhandling.consumer.TopicSubscriberBuilder; org.axonframework.extensions.kafka.eventhandling.consumer.streamable.StreamableKafkaMessageSource
.,org.axonframework.extensions.kafka.eventhandling,DefaultKafkaMessageConverterTest,assertEventMessage,7,1,2,68,0,,
.,org.axonframework.extensions.kafka.eventhandling,DefaultKafkaMessageConverterTest,eventMessage,3,1,0,76,0,,
.,org.axonframework.extensions.kafka.eventhandling,DefaultKafkaMessageConverterTest,domainMessage,3,1,0,80,0,,
.,org.axonframework.extensions.kafka.eventhandling,DefaultKafkaMessageConverterTest,toReceiverRecord,5,1,1,86,0,,
.,org.axonframework.extensions.kafka.eventhandling,DefaultKafkaMessageConverterTest,setUp,6,1,0,94,0,org.axonframework.extensions.kafka.eventhandling.DefaultKafkaMessageConverter,org.axonframework.extensions.kafka.eventhandling.DefaultKafkaMessageConverter
.,org.axonframework.extensions.kafka.eventhandling,DefaultKafkaMessageConverterTest,testKafkaKeyGenerationEventMessageShouldBeNull,4,1,0,105,1,org.axonframework.extensions.kafka.eventhandling.DefaultKafkaMessageConverter,org.axonframework.extensions.kafka.eventhandling.DefaultKafkaMessageConverter
.,org.axonframework.extensions.kafka.eventhandling,DefaultKafkaMessageConverterTest,testKafkaKeyGenerationDomainMessageShouldBeAggregateIdentifier,4,1,0,112,1,org.axonframework.extensions.kafka.eventhandling.DefaultKafkaMessageConverter,org.axonframework.extensions.kafka.eventhandling.DefaultKafkaMessageConverter
.,org.axonframework.extensions.kafka.eventhandling,DefaultKafkaMessageConverterTest,testWritingEventMessageAsKafkaMessageShouldAppendEventHeaders,6,1,0,119,1,org.axonframework.extensions.kafka.eventhandling.DefaultKafkaMessageConverter,org.axonframework.extensions.kafka.eventhandling.DefaultKafkaMessageConverter
.,org.axonframework.extensions.kafka.eventhandling,DefaultKafkaMessageConverterTest,testWritingDomainMessageAsKafkaMessageShouldAppendDomainHeaders,5,1,0,128,1,org.axonframework.extensions.kafka.eventhandling.DefaultKafkaMessageConverter,org.axonframework.extensions.kafka.eventhandling.DefaultKafkaMessageConverter
.,org.axonframework.extensions.kafka.eventhandling,DefaultKafkaMessageConverterTest,testReadingMessage_WhenKafkaReturnNullHeadersShouldReturnEmptyMessage,5,1,0,136,1,org.axonframework.extensions.kafka.eventhandling.DefaultKafkaMessageConverter,org.axonframework.extensions.kafka.eventhandling.DefaultKafkaMessageConverter
.,org.axonframework.extensions.kafka.eventhandling,DefaultKafkaMessageConverterTest,testReadingMessageMissingAxonHeaderShouldReturnEmptyMessage,4,1,0,145,1,org.axonframework.extensions.kafka.eventhandling.DefaultKafkaMessageConverter,org.axonframework.extensions.kafka.eventhandling.DefaultKafkaMessageConverter
.,org.axonframework.extensions.kafka.eventhandling,DefaultKafkaMessageConverterTest,testReadingMessageWithoutIdShouldReturnEmptyMessage,6,1,0,152,1,org.axonframework.extensions.kafka.eventhandling.DefaultKafkaMessageConverter,org.axonframework.extensions.kafka.eventhandling.DefaultKafkaMessageConverter
.,org.axonframework.extensions.kafka.eventhandling,DefaultKafkaMessageConverterTest,testReadingMessageWithoutTypeShouldReturnEmptyMessage,6,1,0,161,1,org.axonframework.extensions.kafka.eventhandling.DefaultKafkaMessageConverter,org.axonframework.extensions.kafka.eventhandling.DefaultKafkaMessageConverter
.,org.axonframework.extensions.kafka.eventhandling,DefaultKafkaMessageConverterTest,testReadingMessagePayloadDifferentThanByteShouldReturnEmptyMessage,8,1,0,170,1,org.axonframework.extensions.kafka.eventhandling.DefaultKafkaMessageConverter,org.axonframework.extensions.kafka.eventhandling.HeaderUtils; org.axonframework.extensions.kafka.eventhandling.DefaultKafkaMessageConverter
.,org.axonframework.extensions.kafka.eventhandling,DefaultKafkaMessageConverterTest,testWritingEventMessageShouldBeReadAsEventMessageAndPassUpcaster,14,1,0,188,1,org.axonframework.extensions.kafka.eventhandling.DefaultKafkaMessageConverter,org.axonframework.extensions.kafka.eventhandling.DefaultKafkaMessageConverter
.,org.axonframework.extensions.kafka.eventhandling,DefaultKafkaMessageConverterTest,testWritingEventMessageWithNullRevisionShouldWriteRevisionAsNull,6,1,0,207,1,org.axonframework.extensions.kafka.eventhandling.DefaultKafkaMessageConverter,org.axonframework.extensions.kafka.eventhandling.DefaultKafkaMessageConverter; org.axonframework.extensions.kafka.eventhandling.HeaderUtils
.,org.axonframework.extensions.kafka.eventhandling,DefaultKafkaMessageConverterTest,testWritingDomainEventMessageShouldBeReadAsDomainMessage,7,1,0,218,1,org.axonframework.extensions.kafka.eventhandling.DefaultKafkaMessageConverter,org.axonframework.extensions.kafka.eventhandling.DefaultKafkaMessageConverter
.,org.axonframework.extensions.kafka.eventhandling,DefaultKafkaMessageConverterTest,testWritingDomainEventMessageShouldBeReadAsDomainMessageAndPassUpcaster,15,1,0,228,1,org.axonframework.extensions.kafka.eventhandling.DefaultKafkaMessageConverter,org.axonframework.extensions.kafka.eventhandling.DefaultKafkaMessageConverter
.,org.axonframework.extensions.kafka.eventhandling,DefaultKafkaMessageConverterTest,testBuildWithoutSerializerThrowsAxonConfigurationException,4,1,0,249,1,org.axonframework.extensions.kafka.eventhandling.DefaultKafkaMessageConverter,org.axonframework.extensions.kafka.eventhandling.DefaultKafkaMessageConverter
.,org.axonframework.extensions.kafka.eventhandling,DefaultKafkaMessageConverterTest,testBuildWithNullSerializerThrowsAxonConfigurationException,4,1,0,256,1,org.axonframework.extensions.kafka.eventhandling.DefaultKafkaMessageConverter,org.axonframework.extensions.kafka.eventhandling.DefaultKafkaMessageConverter
.,org.axonframework.extensions.kafka.eventhandling,DefaultKafkaMessageConverterTest,testBuildWithNullSequencingPolicyThrowsAxonConfigurationException,4,1,0,263,1,org.axonframework.extensions.kafka.eventhandling.DefaultKafkaMessageConverter,org.axonframework.extensions.kafka.eventhandling.DefaultKafkaMessageConverter
.,org.axonframework.extensions.kafka.eventhandling,DefaultKafkaMessageConverterTest,testBuildWithNullHeaderValueMapperThrowsAxonConfigurationException,4,1,0,270,1,org.axonframework.extensions.kafka.eventhandling.DefaultKafkaMessageConverter,org.axonframework.extensions.kafka.eventhandling.DefaultKafkaMessageConverter
.,org.axonframework.extensions.kafka.eventhandling,DefaultKafkaMessageConverterTest,testBuildWithNullUpcasterChainThrowsAxonConfigurationException,4,1,0,277,1,org.axonframework.extensions.kafka.eventhandling.DefaultKafkaMessageConverter,org.axonframework.extensions.kafka.eventhandling.DefaultKafkaMessageConverter
.,org.axonframework.extensions.kafka.eventhandling,DefaultKafkaMessageConverterTest,whenListIsUsedAsMetadataValue_thenAfterConvertNotTheSame,6,1,0,284,1,org.axonframework.extensions.kafka.eventhandling.DefaultKafkaMessageConverter,org.axonframework.extensions.kafka.eventhandling.DefaultKafkaMessageConverter
.,org.axonframework.extensions.kafka.eventhandling,DefaultKafkaMessageConverterTest,assertDomainMessage,5,1,2,295,0,,
.,org.axonframework.extensions.kafka.eventhandling,DefaultKafkaMessageConverterTest,receiverMessage,3,1,1,301,0,org.axonframework.extensions.kafka.eventhandling.DefaultKafkaMessageConverter,org.axonframework.extensions.kafka.eventhandling.DefaultKafkaMessageConverter
.,org.axonframework.extensions.kafka.eventhandling,HeaderUtilsTest,doubleValue,3,1,1,55,0,org.axonframework.extensions.kafka.eventhandling.HeaderUtils,org.axonframework.extensions.kafka.eventhandling.HeaderUtils
.,org.axonframework.extensions.kafka.eventhandling,HeaderUtilsTest,floatValue,3,1,1,59,0,org.axonframework.extensions.kafka.eventhandling.HeaderUtils,org.axonframework.extensions.kafka.eventhandling.HeaderUtils
.,org.axonframework.extensions.kafka.eventhandling,HeaderUtilsTest,longValue,3,1,1,63,0,org.axonframework.extensions.kafka.eventhandling.HeaderUtils,org.axonframework.extensions.kafka.eventhandling.HeaderUtils
.,org.axonframework.extensions.kafka.eventhandling,HeaderUtilsTest,intValue,3,1,1,67,0,org.axonframework.extensions.kafka.eventhandling.HeaderUtils,org.axonframework.extensions.kafka.eventhandling.HeaderUtils
.,org.axonframework.extensions.kafka.eventhandling,HeaderUtilsTest,shortValue,3,1,1,71,0,org.axonframework.extensions.kafka.eventhandling.HeaderUtils,org.axonframework.extensions.kafka.eventhandling.HeaderUtils
.,org.axonframework.extensions.kafka.eventhandling,HeaderUtilsTest,serializedObject,5,1,0,75,0,,
.,org.axonframework.extensions.kafka.eventhandling,HeaderUtilsTest,testReadingValueAsBytesExistingKeyShouldReturnBytes,6,1,0,82,1,org.axonframework.extensions.kafka.eventhandling.HeaderUtils,org.axonframework.extensions.kafka.eventhandling.HeaderUtils
.,org.axonframework.extensions.kafka.eventhandling,HeaderUtilsTest,testReadingValuesAsBytesNonExistingKeyShouldReturnNull,3,1,0,91,1,org.axonframework.extensions.kafka.eventhandling.HeaderUtils,org.axonframework.extensions.kafka.eventhandling.HeaderUtils
.,org.axonframework.extensions.kafka.eventhandling,HeaderUtilsTest,testReadingValueFromNullHeaderShouldThrowException,3,1,0,96,1,,
.,org.axonframework.extensions.kafka.eventhandling,HeaderUtilsTest,testReadingValuesAsTextExistingKeyShouldReturnText,7,1,0,102,1,org.axonframework.extensions.kafka.eventhandling.HeaderUtils,org.axonframework.extensions.kafka.eventhandling.HeaderUtils
.,org.axonframework.extensions.kafka.eventhandling,HeaderUtilsTest,testReadingValueAsTextNonExistingKeyShouldReturnNull,3,1,0,112,1,org.axonframework.extensions.kafka.eventhandling.HeaderUtils,org.axonframework.extensions.kafka.eventhandling.HeaderUtils
.,org.axonframework.extensions.kafka.eventhandling,HeaderUtilsTest,testReadingValueAsTextNonExistingKeyShouldReturnDefaultValue,3,1,0,117,1,org.axonframework.extensions.kafka.eventhandling.HeaderUtils,org.axonframework.extensions.kafka.eventhandling.HeaderUtils
.,org.axonframework.extensions.kafka.eventhandling,HeaderUtilsTest,testReadingValuesAsLongExistingKeyShouldReturnLong,12,1,0,122,1,org.axonframework.extensions.kafka.eventhandling.HeaderUtils,org.axonframework.extensions.kafka.eventhandling.HeaderUtils
.,org.axonframework.extensions.kafka.eventhandling,HeaderUtilsTest,testReadingValueAsLongNonExistingKeyShouldReturnNull,3,1,0,139,1,org.axonframework.extensions.kafka.eventhandling.HeaderUtils,org.axonframework.extensions.kafka.eventhandling.HeaderUtils
.,org.axonframework.extensions.kafka.eventhandling,HeaderUtilsTest,testReadingValueAsLongNonExistingKeyShouldReturnDefaultValue,3,1,0,144,1,org.axonframework.extensions.kafka.eventhandling.HeaderUtils,org.axonframework.extensions.kafka.eventhandling.HeaderUtils
.,org.axonframework.extensions.kafka.eventhandling,HeaderUtilsTest,testWritingTimestampShouldBeWrittenAsLong,6,1,0,149,1,org.axonframework.extensions.kafka.eventhandling.HeaderUtils,org.axonframework.extensions.kafka.eventhandling.HeaderUtils
.,org.axonframework.extensions.kafka.eventhandling,HeaderUtilsTest,testWritingNonNegativeValuesShouldBeWrittenAsNonNegativeValues,18,1,0,158,1,org.axonframework.extensions.kafka.eventhandling.HeaderUtils,org.axonframework.extensions.kafka.eventhandling.HeaderUtils
.,org.axonframework.extensions.kafka.eventhandling,HeaderUtilsTest,testWritingNegativeValuesShouldBeWrittenAsNegativeValues,18,1,0,183,1,org.axonframework.extensions.kafka.eventhandling.HeaderUtils,org.axonframework.extensions.kafka.eventhandling.HeaderUtils
.,org.axonframework.extensions.kafka.eventhandling,HeaderUtilsTest,testWritingNonPrimitiveJavaValueShouldThrowAnException,4,1,0,208,1,,
.,org.axonframework.extensions.kafka.eventhandling,HeaderUtilsTest,testWritingTextValueShouldBeWrittenAsString,9,1,0,214,1,org.axonframework.extensions.kafka.eventhandling.HeaderUtils,org.axonframework.extensions.kafka.eventhandling.HeaderUtils
.,org.axonframework.extensions.kafka.eventhandling,HeaderUtilsTest,testWritingNullValueShouldBeWrittenAsNull,5,1,0,226,1,org.axonframework.extensions.kafka.eventhandling.HeaderUtils,org.axonframework.extensions.kafka.eventhandling.HeaderUtils
.,org.axonframework.extensions.kafka.eventhandling,HeaderUtilsTest,testWritingCustomValueShouldBeWrittenAsRepresentedByToString,6,1,0,234,1,org.axonframework.extensions.kafka.eventhandling.HeaderUtils,org.axonframework.extensions.kafka.eventhandling.HeaderUtils
.,org.axonframework.extensions.kafka.eventhandling,HeaderUtilsTest,testExtractingExistingKeysShouldReturnAllKeys,9,1,0,243,1,org.axonframework.extensions.kafka.eventhandling.HeaderUtils,org.axonframework.extensions.kafka.eventhandling.HeaderUtils
.,org.axonframework.extensions.kafka.eventhandling,HeaderUtilsTest,testExtractingKeysFromNullHeaderShouldThrowAnException,3,1,0,255,1,,
.,org.axonframework.extensions.kafka.eventhandling,HeaderUtilsTest,testGeneratingKeyForSendingAxonMetadataToKafkaShouldGenerateCorrectKeys,4,1,0,260,1,org.axonframework.extensions.kafka.eventhandling.HeaderUtils,org.axonframework.extensions.kafka.eventhandling.HeaderUtils
.,org.axonframework.extensions.kafka.eventhandling,HeaderUtilsTest,testExtractingKeyForSendingAxonMetadataToKafkaShouldReturnActualKey,3,1,0,266,1,org.axonframework.extensions.kafka.eventhandling.HeaderUtils,org.axonframework.extensions.kafka.eventhandling.HeaderUtils
.,org.axonframework.extensions.kafka.eventhandling,HeaderUtilsTest,testExtractingKeyNullMetadataKeyShouldThrowAnException,3,1,0,271,1,,
.,org.axonframework.extensions.kafka.eventhandling,HeaderUtilsTest,testExtractingKeyNonExistingMetadataKeyShouldThrowAnException,3,1,0,277,1,,
.,org.axonframework.extensions.kafka.eventhandling,HeaderUtilsTest,testExtractingAxonMetadataShouldReturnMetadata,9,1,0,282,1,org.axonframework.extensions.kafka.eventhandling.HeaderUtils,org.axonframework.extensions.kafka.eventhandling.HeaderUtils
.,org.axonframework.extensions.kafka.eventhandling,HeaderUtilsTest,testExtractingAxonMetadataFromNullHeaderShouldThrowAnException,3,1,0,294,1,,
.,org.axonframework.extensions.kafka.eventhandling,HeaderUtilsTest,testGeneratingHeadersForEventMessageShouldGenerateEventHeaders,7,1,0,299,1,org.axonframework.extensions.kafka.eventhandling.HeaderUtils,org.axonframework.extensions.kafka.eventhandling.HeaderUtils
.,org.axonframework.extensions.kafka.eventhandling,HeaderUtilsTest,testGeneratingHeadersForDomainMessageShouldGenerateBothEventAndDomainHeaders,8,1,0,311,1,org.axonframework.extensions.kafka.eventhandling.HeaderUtils,org.axonframework.extensions.kafka.eventhandling.HeaderUtils
.,org.axonframework.extensions.kafka.eventhandling,HeaderUtilsTest,testByteMapperNullValueShouldBeAbleToHandle,5,1,0,323,1,org.axonframework.extensions.kafka.eventhandling.HeaderUtils,org.axonframework.extensions.kafka.eventhandling.HeaderUtils
.,org.axonframework.extensions.kafka.eventhandling,HeaderUtilsTest,testGeneratingHeadersWithByteMapperShouldGenerateCorrectHeaders,8,1,0,331,1,org.axonframework.extensions.kafka.eventhandling.HeaderUtils,org.axonframework.extensions.kafka.eventhandling.HeaderUtils
.,org.axonframework.extensions.kafka.eventhandling,HeaderUtilsTest,testGeneratingHeadersWithCustomMapperShouldGeneratedCorrectHeaders,6,1,0,342,1,org.axonframework.extensions.kafka.eventhandling.HeaderUtils,org.axonframework.extensions.kafka.eventhandling.HeaderUtils
.,org.axonframework.extensions.kafka.eventhandling,DefaultKafkaMessageConverter,DefaultKafkaMessageConverter,7,1,1,79,0,,
.,org.axonframework.extensions.kafka.eventhandling,DefaultKafkaMessageConverter,builder,3,1,0,96,0,,
.,org.axonframework.extensions.kafka.eventhandling,DefaultKafkaMessageConverter,createKafkaMessage,4,1,2,109,0,org.axonframework.extensions.kafka.eventhandling.HeaderUtils,org.axonframework.extensions.kafka.eventhandling.HeaderUtils; org.axonframework.extensions.kafka.eventhandling.DefaultKafkaMessageConverter
.,org.axonframework.extensions.kafka.eventhandling,DefaultKafkaMessageConverter,recordKey,4,1,1,134,0,,
.,org.axonframework.extensions.kafka.eventhandling,DefaultKafkaMessageConverter,readKafkaMessage,14,2,1,139,0,org.axonframework.extensions.kafka.eventhandling.DefaultKafkaMessageConverter,org.axonframework.extensions.kafka.eventhandling.DefaultKafkaMessageConverter
.,org.axonframework.extensions.kafka.eventhandling,DefaultKafkaMessageConverter,createEventData,3,1,2,162,0,org.axonframework.extensions.kafka.eventhandling.HeaderUtils,org.axonframework.extensions.kafka.eventhandling.HeaderUtils; org.axonframework.extensions.kafka.eventhandling.DefaultKafkaMessageConverter
.,org.axonframework.extensions.kafka.eventhandling,DefaultKafkaMessageConverter,extractMetadataAsBytes,3,1,1,192,0,org.axonframework.extensions.kafka.eventhandling.HeaderUtils,org.axonframework.extensions.kafka.eventhandling.HeaderUtils
.,org.axonframework.extensions.kafka.eventhandling,DefaultKafkaMessageConverter,isAxonMessage,3,1,1,196,0,org.axonframework.extensions.kafka.eventhandling.HeaderUtils,org.axonframework.extensions.kafka.eventhandling.HeaderUtils
.,org.axonframework.extensions.kafka.eventhandling,DefaultKafkaMessageConverter,isDomainEvent,3,1,1,200,0,,
.,org.axonframework.extensions.kafka.eventhandling,DefaultKafkaMessageConverter,buildMessage,4,1,2,223,0,org.axonframework.extensions.kafka.eventhandling.HeaderUtils,org.axonframework.extensions.kafka.eventhandling.HeaderUtils; org.axonframework.extensions.kafka.eventhandling.DefaultKafkaMessageConverter
.,org.axonframework.extensions.kafka.eventhandling,DefaultKafkaMessageConverter,buildDomainEventMessage,3,1,3,230,0,org.axonframework.extensions.kafka.eventhandling.HeaderUtils,org.axonframework.extensions.kafka.eventhandling.HeaderUtils
.,org.axonframework.extensions.kafka.eventhandling,DefaultKafkaMessageConverter,buildEventMessage,3,1,2,241,0,,
.,org.axonframework.extensions.kafka.eventhandling,HeaderUtils,HeaderUtils,2,1,0,55,0,,
.,org.axonframework.extensions.kafka.eventhandling,HeaderUtils,asLong,3,1,1,59,0,,
.,org.axonframework.extensions.kafka.eventhandling,HeaderUtils,valueAsLong,3,1,2,69,0,org.axonframework.extensions.kafka.eventhandling.HeaderUtils,org.axonframework.extensions.kafka.eventhandling.HeaderUtils
.,org.axonframework.extensions.kafka.eventhandling,HeaderUtils,valueAsLong,4,1,3,81,0,org.axonframework.extensions.kafka.eventhandling.HeaderUtils,org.axonframework.extensions.kafka.eventhandling.HeaderUtils
.,org.axonframework.extensions.kafka.eventhandling,HeaderUtils,asInt,3,1,1,95,0,,
.,org.axonframework.extensions.kafka.eventhandling,HeaderUtils,valueAsInt,3,1,2,105,0,org.axonframework.extensions.kafka.eventhandling.HeaderUtils,org.axonframework.extensions.kafka.eventhandling.HeaderUtils
.,org.axonframework.extensions.kafka.eventhandling,HeaderUtils,valueAsInt,4,1,3,117,0,org.axonframework.extensions.kafka.eventhandling.HeaderUtils,org.axonframework.extensions.kafka.eventhandling.HeaderUtils
.,org.axonframework.extensions.kafka.eventhandling,HeaderUtils,asString,3,1,1,131,0,,
.,org.axonframework.extensions.kafka.eventhandling,HeaderUtils,valueAsString,3,1,2,141,0,org.axonframework.extensions.kafka.eventhandling.HeaderUtils,org.axonframework.extensions.kafka.eventhandling.HeaderUtils
.,org.axonframework.extensions.kafka.eventhandling,HeaderUtils,valueAsString,3,1,3,153,0,org.axonframework.extensions.kafka.eventhandling.HeaderUtils,org.axonframework.extensions.kafka.eventhandling.HeaderUtils
.,org.axonframework.extensions.kafka.eventhandling,HeaderUtils,value,5,1,2,166,0,,
.,org.axonframework.extensions.kafka.eventhandling,HeaderUtils,toBytes,18,6,1,181,0,,
.,org.axonframework.extensions.kafka.eventhandling,HeaderUtils,toBytes,5,1,1,202,0,,
.,org.axonframework.extensions.kafka.eventhandling,HeaderUtils,toBytes,5,1,1,208,0,,
.,org.axonframework.extensions.kafka.eventhandling,HeaderUtils,toBytes,5,1,1,214,0,,
.,org.axonframework.extensions.kafka.eventhandling,HeaderUtils,toBytes,5,1,1,220,0,,
.,org.axonframework.extensions.kafka.eventhandling,HeaderUtils,toBytes,5,1,1,226,0,,
.,org.axonframework.extensions.kafka.eventhandling,HeaderUtils,addHeader,18,5,3,232,0,org.axonframework.extensions.kafka.eventhandling.HeaderUtils,org.axonframework.extensions.kafka.eventhandling.HeaderUtils
.,org.axonframework.extensions.kafka.eventhandling,HeaderUtils,keys,4,1,1,261,0,,
.,org.axonframework.extensions.kafka.eventhandling,HeaderUtils,generateMetadataKey,3,1,1,275,0,,
.,org.axonframework.extensions.kafka.eventhandling,HeaderUtils,extractKey,4,1,1,286,0,,
.,org.axonframework.extensions.kafka.eventhandling,HeaderUtils,extractAxonMetadata,4,1,1,303,0,,
.,org.axonframework.extensions.kafka.eventhandling,HeaderUtils,isValidMetadataKey,3,1,1,323,0,,
.,org.axonframework.extensions.kafka.eventhandling,HeaderUtils,toHeaders,9,1,3,327,0,,
.,org.axonframework.extensions.kafka.eventhandling,HeaderUtils,byteMapper,3,1,0,352,0,org.axonframework.extensions.kafka.eventhandling.HeaderUtils,org.axonframework.extensions.kafka.eventhandling.HeaderUtils
.,org.axonframework.extensions.kafka.eventhandling,HeaderUtils,safeGetBytes,6,2,1,363,0,,
.,org.axonframework.extensions.kafka.eventhandling,KafkaMessageConverter,createKafkaMessage,0,1,2,36,0,,
.,org.axonframework.extensions.kafka.eventhandling,KafkaMessageConverter,readKafkaMessage,0,1,1,45,0,,
.,org.axonframework.extensions.kafka.eventhandling.consumer,ConsumerRecordConverter,createKafkaMessage,3,1,2,35,0,,
.,org.axonframework.extensions.kafka.eventhandling.consumer,ConsumerRecordConverter,readKafkaMessage,3,1,1,40,0,,
.,org.axonframework.extensions.kafka.eventhandling.consumer,AsyncFetcherIntegrationTest,before,3,1,0,68,0,,
.,org.axonframework.extensions.kafka.eventhandling.consumer,AsyncFetcherIntegrationTest,after,3,1,0,73,0,,
.,org.axonframework.extensions.kafka.eventhandling.consumer,AsyncFetcherIntegrationTest,mockConsumer,8,1,0,78,0,,
.,org.axonframework.extensions.kafka.eventhandling.consumer,AsyncFetcherIntegrationTest,assertMessagesCountPerPartition,13,2,7,91,0,org.axonframework.extensions.kafka.eventhandling.consumer.streamable.SortedKafkaMessageBuffer,org.axonframework.extensions.kafka.eventhandling.consumer.streamable.SortedKafkaMessageBuffer; org.axonframework.extensions.kafka.eventhandling.consumer.streamable.KafkaEventMessage
.,org.axonframework.extensions.kafka.eventhandling.consumer,AsyncFetcherIntegrationTest,setUp,3,1,0,112,0,org.axonframework.extensions.kafka.eventhandling.consumer.AsyncFetcher,org.axonframework.extensions.kafka.eventhandling.consumer.AsyncFetcher
.,org.axonframework.extensions.kafka.eventhandling.consumer,AsyncFetcherIntegrationTest,tearDown,3,1,0,118,0,org.axonframework.extensions.kafka.eventhandling.consumer.AsyncFetcher,org.axonframework.extensions.kafka.eventhandling.consumer.AsyncFetcher
.,org.axonframework.extensions.kafka.eventhandling.consumer,AsyncFetcherIntegrationTest,testBuildingWithInvalidPollTimeoutShouldThrowAxonConfigurationException,4,1,0,123,1,org.axonframework.extensions.kafka.eventhandling.consumer.AsyncFetcher,org.axonframework.extensions.kafka.eventhandling.consumer.AsyncFetcher
.,org.axonframework.extensions.kafka.eventhandling.consumer,AsyncFetcherIntegrationTest,testBuildingWithInvalidExecutorServiceShouldThrowAxonConfigurationException,4,1,0,129,1,org.axonframework.extensions.kafka.eventhandling.consumer.AsyncFetcher,org.axonframework.extensions.kafka.eventhandling.consumer.AsyncFetcher
.,org.axonframework.extensions.kafka.eventhandling.consumer,AsyncFetcherIntegrationTest,testStartFetcherWithNullTokenShouldStartFromBeginning,8,1,0,135,1,org.axonframework.extensions.kafka.eventhandling.consumer.streamable.KafkaTrackingToken,org.axonframework.extensions.kafka.eventhandling.consumer.streamable.KafkaTrackingToken; org.axonframework.extensions.kafka.eventhandling.consumer.streamable.SortedKafkaMessageBuffer
.,org.axonframework.extensions.kafka.eventhandling.consumer,AsyncFetcherIntegrationTest,testStartFetcherWithExistingTokenShouldStartAtSpecificPositions,39,2,0,155,1,org.axonframework.extensions.kafka.eventhandling.consumer.streamable.KafkaTrackingToken,org.axonframework.extensions.kafka.eventhandling.consumer.streamable.KafkaTrackingToken; org.axonframework.extensions.kafka.eventhandling.producer.ProducerFactory; org.axonframework.extensions.kafka.eventhandling.consumer.streamable.SortedKafkaMessageBuffer
.,org.axonframework.extensions.kafka.eventhandling.consumer,AsyncFetcherIntegrationTest,publishRecords,13,2,6,221,0,org.axonframework.extensions.kafka.eventhandling.producer.ProducerFactory,org.axonframework.extensions.kafka.eventhandling.producer.ProducerFactory
.,org.axonframework.extensions.kafka.eventhandling.consumer,FetchEventsTaskTest,setUp,13,1,0,60,0,,
.,org.axonframework.extensions.kafka.eventhandling.consumer,FetchEventsTaskTest,testTaskConstructionWithInvalidConsumerShouldThrowException,4,1,0,86,1,,
.,org.axonframework.extensions.kafka.eventhandling.consumer,FetchEventsTaskTest,testTaskConstructionWithNegativeTimeoutShouldThrowException,4,1,0,103,1,,
.,org.axonframework.extensions.kafka.eventhandling.consumer,FetchEventsTaskTest,testFetchEventsTaskInterruptionClosesAsExpected,11,1,0,119,1,,
.,org.axonframework.extensions.kafka.eventhandling.consumer,FetchEventsTaskTest,testFetchEventsTaskPollsConvertsAndConsumesRecords,9,1,0,141,1,,
.,org.axonframework.extensions.kafka.eventhandling.consumer,FetchEventsTaskTest,testFetchEventsTaskPollsDoesNotCallEventConsumerForZeroConvertedEvents,10,1,0,155,1,,
.,org.axonframework.extensions.kafka.eventhandling.consumer,FetchEventsTaskTest,testCloseCallsProvidedCloseHandler,7,1,0,170,1,org.axonframework.extensions.kafka.eventhandling.consumer.FetchEventsTask,org.axonframework.extensions.kafka.eventhandling.consumer.FetchEventsTask
.,org.axonframework.extensions.kafka.eventhandling.consumer,ConsumerSeekUtilTest,getTopicSubscribers,3,1,0,51,0,,
.,org.axonframework.extensions.kafka.eventhandling.consumer,ConsumerSeekUtilTest,testOnPartitionsAssignedUsesTokenOffsetsUponConsumerSeek,25,2,1,58,0,org.axonframework.extensions.kafka.eventhandling.consumer.streamable.KafkaTrackingToken,org.axonframework.extensions.kafka.eventhandling.consumer.streamable.KafkaTrackingToken; org.axonframework.extensions.kafka.eventhandling.consumer.ConsumerSeekUtilTest
.,org.axonframework.extensions.kafka.eventhandling.consumer,ConsumerSeekUtilTest,testOnPartitionsAssignedUsesOffsetsOfZeroForEmptyTokenUponConsumerSeek,15,1,1,92,0,org.axonframework.extensions.kafka.eventhandling.consumer.streamable.KafkaTrackingToken,org.axonframework.extensions.kafka.eventhandling.consumer.streamable.KafkaTrackingToken; org.axonframework.extensions.kafka.eventhandling.consumer.ConsumerSeekUtilTest
.,org.axonframework.extensions.kafka.eventhandling.consumer,ConsumerSeekUtilTest,listTopics,15,2,1,113,0,,
.,org.axonframework.extensions.kafka.eventhandling.consumer,ConsumerSeekUtilTest,toPartitionInfo,3,1,1,127,0,,
.,org.axonframework.extensions.kafka.eventhandling.consumer,DefaultConsumerFactoryIntegrationTest,before,3,1,0,50,0,,
.,org.axonframework.extensions.kafka.eventhandling.consumer,DefaultConsumerFactoryIntegrationTest,after,3,1,0,55,0,,
.,org.axonframework.extensions.kafka.eventhandling.consumer,DefaultConsumerFactoryIntegrationTest,setUp,4,1,0,60,0,,
.,org.axonframework.extensions.kafka.eventhandling.consumer,DefaultConsumerFactoryIntegrationTest,tearDown,4,1,0,66,0,org.axonframework.extensions.kafka.eventhandling.producer.ProducerFactory,org.axonframework.extensions.kafka.eventhandling.producer.ProducerFactory
.,org.axonframework.extensions.kafka.eventhandling.consumer,DefaultConsumerFactoryIntegrationTest,testCreateConsumerInvalidConfig,3,1,0,72,1,,
.,org.axonframework.extensions.kafka.eventhandling.consumer,DefaultConsumerFactoryIntegrationTest,testCreatedConsumerValidConfigCanCommunicateToKafka,10,1,0,77,1,org.axonframework.extensions.kafka.eventhandling.producer.ProducerFactory,org.axonframework.extensions.kafka.eventhandling.producer.ProducerFactory; org.axonframework.extensions.kafka.eventhandling.consumer.ConsumerFactory
.,org.axonframework.extensions.kafka.eventhandling.consumer,ConsumerSeekUtilIntegrationTest,before,4,1,0,67,0,,
.,org.axonframework.extensions.kafka.eventhandling.consumer,ConsumerSeekUtilIntegrationTest,after,3,1,0,73,0,,
.,org.axonframework.extensions.kafka.eventhandling.consumer,ConsumerSeekUtilIntegrationTest,publishRecordsOnPartitions,8,3,4,78,0,,
.,org.axonframework.extensions.kafka.eventhandling.consumer,ConsumerSeekUtilIntegrationTest,publishNewRecords,7,1,2,90,0,,
.,org.axonframework.extensions.kafka.eventhandling.consumer,ConsumerSeekUtilIntegrationTest,buildRecord,3,1,2,98,0,,
.,org.axonframework.extensions.kafka.eventhandling.consumer,ConsumerSeekUtilIntegrationTest,setUp,4,1,0,102,0,,
.,org.axonframework.extensions.kafka.eventhandling.consumer,ConsumerSeekUtilIntegrationTest,tearDown,3,1,0,108,0,org.axonframework.extensions.kafka.eventhandling.producer.ProducerFactory,org.axonframework.extensions.kafka.eventhandling.producer.ProducerFactory
.,org.axonframework.extensions.kafka.eventhandling.consumer,ConsumerSeekUtilIntegrationTest,seekUsingEmptyTokenConsumerStartsAtPositionZero,19,1,0,113,1,org.axonframework.extensions.kafka.eventhandling.consumer.streamable.KafkaTrackingToken,org.axonframework.extensions.kafka.eventhandling.consumer.streamable.KafkaTrackingToken; org.axonframework.extensions.kafka.eventhandling.producer.ProducerFactory; org.axonframework.extensions.kafka.eventhandling.consumer.ConsumerFactory
.,org.axonframework.extensions.kafka.eventhandling.consumer,ConsumerSeekUtilIntegrationTest,seekUsingExistingTokenConsumerStartsAtSpecificPosition,25,1,0,137,1,org.axonframework.extensions.kafka.eventhandling.consumer.streamable.KafkaTrackingToken,org.axonframework.extensions.kafka.eventhandling.consumer.streamable.KafkaTrackingToken; org.axonframework.extensions.kafka.eventhandling.producer.ProducerFactory; org.axonframework.extensions.kafka.eventhandling.consumer.ConsumerFactory
.,org.axonframework.extensions.kafka.eventhandling.consumer,ConsumerSeekUtilIntegrationTest,seekUsingExistingTokenConsumerStartsAtSpecificPositionAndCanContinueReadingNewRecords,30,1,0,172,1,org.axonframework.extensions.kafka.eventhandling.consumer.streamable.KafkaTrackingToken,org.axonframework.extensions.kafka.eventhandling.consumer.streamable.KafkaTrackingToken; org.axonframework.extensions.kafka.eventhandling.producer.ProducerFactory; org.axonframework.extensions.kafka.eventhandling.consumer.ConsumerFactory
.,org.axonframework.extensions.kafka.eventhandling.consumer,FetchEventException,FetchEventException,3,1,1,29,0,,
.,org.axonframework.extensions.kafka.eventhandling.consumer,FetchEventException,FetchEventException,3,1,2,38,0,,
.,org.axonframework.extensions.kafka.eventhandling.consumer,AsyncFetcher,builder,3,1,0,60,0,,
.,org.axonframework.extensions.kafka.eventhandling.consumer,AsyncFetcher,AsyncFetcher,5,1,1,78,0,,
.,org.axonframework.extensions.kafka.eventhandling.consumer,AsyncFetcher,poll,3,1,3,90,0,org.axonframework.extensions.kafka.eventhandling.consumer.AsyncFetcher,org.axonframework.extensions.kafka.eventhandling.consumer.AsyncFetcher
.,org.axonframework.extensions.kafka.eventhandling.consumer,AsyncFetcher,poll,10,1,4,101,0,,
.,org.axonframework.extensions.kafka.eventhandling.consumer,AsyncFetcher,shutdown,7,2,0,124,0,,
.,org.axonframework.extensions.kafka.eventhandling.consumer,TopicPatternSubscriber,TopicPatternSubscriber,3,1,1,32,0,,
.,org.axonframework.extensions.kafka.eventhandling.consumer,TopicPatternSubscriber,subscribeTopics,3,1,1,41,0,,
.,org.axonframework.extensions.kafka.eventhandling.consumer,TopicPatternSubscriber,subscribesToTopicName,3,1,1,46,0,,
.,org.axonframework.extensions.kafka.eventhandling.consumer,TopicPatternSubscriber,describe,3,1,0,51,0,,
.,org.axonframework.extensions.kafka.eventhandling.consumer,ConsumerFactory,createConsumer,0,1,1,34,0,,
.,org.axonframework.extensions.kafka.eventhandling.consumer,FetchEventsTask,FetchEventsTask,11,1,6,57,0,,
.,org.axonframework.extensions.kafka.eventhandling.consumer,FetchEventsTask,run,19,2,0,86,0,org.axonframework.extensions.kafka.eventhandling.consumer.RuntimeErrorHandler,org.axonframework.extensions.kafka.eventhandling.consumer.RuntimeErrorHandler; org.axonframework.extensions.kafka.eventhandling.consumer.FetchEventsTask
.,org.axonframework.extensions.kafka.eventhandling.consumer,FetchEventsTask,processRecords,13,2,1,107,0,org.axonframework.extensions.kafka.eventhandling.consumer.EventConsumer,org.axonframework.extensions.kafka.eventhandling.consumer.EventConsumer; org.axonframework.extensions.kafka.eventhandling.consumer.RecordConverter
.,org.axonframework.extensions.kafka.eventhandling.consumer,FetchEventsTask,close,4,1,0,120,0,,
.,org.axonframework.extensions.kafka.eventhandling.consumer,TopicSubscriber,subscribeTopics,0,1,1,29,0,,
.,org.axonframework.extensions.kafka.eventhandling.consumer,TopicSubscriber,subscribesToTopicName,0,1,1,36,0,,
.,org.axonframework.extensions.kafka.eventhandling.consumer,TopicSubscriber,describe,0,1,0,44,0,,
.,org.axonframework.extensions.kafka.eventhandling.consumer,Fetcher,poll,0,1,3,37,0,,
.,org.axonframework.extensions.kafka.eventhandling.consumer,Fetcher,poll,0,1,4,59,0,,
.,org.axonframework.extensions.kafka.eventhandling.consumer,Fetcher,shutdown,0,1,0,78,0,,
.,org.axonframework.extensions.kafka.eventhandling.consumer,DefaultConsumerFactory,DefaultConsumerFactory,4,1,1,48,0,,
.,org.axonframework.extensions.kafka.eventhandling.consumer,DefaultConsumerFactory,createConsumer,10,3,1,60,0,,
.,org.axonframework.extensions.kafka.eventhandling.consumer,DefaultConsumerFactory,configurationProperties,3,1,0,72,0,,
.,org.axonframework.extensions.kafka.eventhandling.consumer,TopicListSubscriber,TopicListSubscriber,3,1,1,33,0,,
.,org.axonframework.extensions.kafka.eventhandling.consumer,TopicListSubscriber,addTopic,3,2,1,42,0,,
.,org.axonframework.extensions.kafka.eventhandling.consumer,TopicListSubscriber,subscribeTopics,3,1,1,52,0,,
.,org.axonframework.extensions.kafka.eventhandling.consumer,TopicListSubscriber,subscribesToTopicName,3,1,1,57,0,,
.,org.axonframework.extensions.kafka.eventhandling.consumer,TopicListSubscriber,describe,3,1,0,62,0,,
.,org.axonframework.extensions.kafka.eventhandling.consumer,EventConsumer,consume,0,1,1,33,0,,
.,org.axonframework.extensions.kafka.eventhandling.consumer,ConsumerSeekUtil,ConsumerSeekUtil,2,1,0,41,0,,
.,org.axonframework.extensions.kafka.eventhandling.consumer,ConsumerSeekUtil,seekToCurrentPositions,3,1,3,44,0,,
.,org.axonframework.extensions.kafka.eventhandling.consumer,ConsumerSeekUtil,seekToCurrentPositions,15,2,3,59,0,org.axonframework.extensions.kafka.eventhandling.consumer.streamable.KafkaTrackingToken,org.axonframework.extensions.kafka.eventhandling.consumer.streamable.KafkaTrackingToken
.,org.axonframework.extensions.kafka.eventhandling.consumer,ConsumerSeekUtil,topicPartitions,3,1,2,86,0,,
.,org.axonframework.extensions.kafka.eventhandling.consumer,ConsumerSeekUtil,topicPartitions,3,1,2,97,0,,
.,org.axonframework.extensions.kafka.eventhandling.consumer,RuntimeErrorHandler,handle,0,1,1,28,0,,
.,org.axonframework.extensions.kafka.eventhandling.consumer,RecordConverter,convert,0,1,1,36,0,,
.,org.axonframework.extensions.kafka.eventhandling.consumer,TopicSubscriberBuilder,self,0,1,0,40,0,,
.,org.axonframework.extensions.kafka.eventhandling.consumer,TopicSubscriberBuilder,getSubscriber,3,1,0,47,0,,
.,org.axonframework.extensions.kafka.eventhandling.consumer,TopicSubscriberBuilder,topics,5,1,1,56,0,org.axonframework.extensions.kafka.eventhandling.consumer.TopicSubscriberBuilder,org.axonframework.extensions.kafka.eventhandling.consumer.TopicSubscriberBuilder
.,org.axonframework.extensions.kafka.eventhandling.consumer,TopicSubscriberBuilder,addTopic,10,2,1,70,0,org.axonframework.extensions.kafka.eventhandling.consumer.TopicSubscriberBuilder,org.axonframework.extensions.kafka.eventhandling.consumer.TopicSubscriberBuilder; org.axonframework.extensions.kafka.eventhandling.consumer.TopicListSubscriber
.,org.axonframework.extensions.kafka.eventhandling.consumer,TopicSubscriberBuilder,topicPattern,5,1,1,86,0,org.axonframework.extensions.kafka.eventhandling.consumer.TopicSubscriberBuilder,org.axonframework.extensions.kafka.eventhandling.consumer.TopicSubscriberBuilder
.,org.axonframework.extensions.kafka.eventhandling.consumer,TopicSubscriberBuilder,isListBasedSubscription,3,1,0,98,0,,
.,org.axonframework.extensions.kafka.eventhandling.consumer.streamable,TopicPartitionDeserializerTest,testDeserializeShouldSuccess,3,1,0,42,1,,
.,org.axonframework.extensions.kafka.eventhandling.consumer.streamable,StreamableKafkaMessageSourceTest,setUp,7,1,0,54,0,org.axonframework.extensions.kafka.eventhandling.consumer.streamable.StreamableKafkaMessageSource,org.axonframework.extensions.kafka.eventhandling.consumer.ConsumerFactory; org.axonframework.extensions.kafka.eventhandling.consumer.streamable.StreamableKafkaMessageSource
.,org.axonframework.extensions.kafka.eventhandling.consumer.streamable,StreamableKafkaMessageSourceTest,testBuildingWithInvalidTopicsShouldThrowAxonConfigurationException,4,1,0,68,1,org.axonframework.extensions.kafka.eventhandling.consumer.streamable.StreamableKafkaMessageSource,org.axonframework.extensions.kafka.eventhandling.consumer.streamable.StreamableKafkaMessageSource
.,org.axonframework.extensions.kafka.eventhandling.consumer.streamable,StreamableKafkaMessageSourceTest,testBuildWithInvalidTopicThrowsAxonConfigurationException,4,1,0,74,1,org.axonframework.extensions.kafka.eventhandling.consumer.streamable.StreamableKafkaMessageSource,org.axonframework.extensions.kafka.eventhandling.consumer.streamable.StreamableKafkaMessageSource
.,org.axonframework.extensions.kafka.eventhandling.consumer.streamable,StreamableKafkaMessageSourceTest,testBuildingWithInvalidGroupIdPrefixShouldThrowAxonConfigurationException,4,1,0,80,1,org.axonframework.extensions.kafka.eventhandling.consumer.streamable.StreamableKafkaMessageSource,org.axonframework.extensions.kafka.eventhandling.consumer.streamable.StreamableKafkaMessageSource
.,org.axonframework.extensions.kafka.eventhandling.consumer.streamable,StreamableKafkaMessageSourceTest,testBuildingWithInvalidGroupIdSuffixFactoryShouldThrowAxonConfigurationException,4,1,0,89,1,org.axonframework.extensions.kafka.eventhandling.consumer.streamable.StreamableKafkaMessageSource,org.axonframework.extensions.kafka.eventhandling.consumer.streamable.StreamableKafkaMessageSource
.,org.axonframework.extensions.kafka.eventhandling.consumer.streamable,StreamableKafkaMessageSourceTest,testBuildingWithInvalidConsumerFactoryShouldThrowAxonConfigurationException,4,1,0,98,1,org.axonframework.extensions.kafka.eventhandling.consumer.streamable.StreamableKafkaMessageSource,org.axonframework.extensions.kafka.eventhandling.consumer.streamable.StreamableKafkaMessageSource
.,org.axonframework.extensions.kafka.eventhandling.consumer.streamable,StreamableKafkaMessageSourceTest,testBuildingWithInvalidFetcherShouldThrowAxonConfigurationException,4,1,0,108,1,org.axonframework.extensions.kafka.eventhandling.consumer.streamable.StreamableKafkaMessageSource,org.axonframework.extensions.kafka.eventhandling.consumer.streamable.StreamableKafkaMessageSource
.,org.axonframework.extensions.kafka.eventhandling.consumer.streamable,StreamableKafkaMessageSourceTest,testBuildingWithInvalidMessageConverterShouldThrowAxonConfigurationException,4,1,0,114,1,org.axonframework.extensions.kafka.eventhandling.consumer.streamable.StreamableKafkaMessageSource,org.axonframework.extensions.kafka.eventhandling.consumer.streamable.StreamableKafkaMessageSource
.,org.axonframework.extensions.kafka.eventhandling.consumer.streamable,StreamableKafkaMessageSourceTest,testBuildingWithInvalidBufferFactoryShouldThrowAxonConfigurationException,4,1,0,122,1,org.axonframework.extensions.kafka.eventhandling.consumer.streamable.StreamableKafkaMessageSource,org.axonframework.extensions.kafka.eventhandling.consumer.streamable.StreamableKafkaMessageSource
.,org.axonframework.extensions.kafka.eventhandling.consumer.streamable,StreamableKafkaMessageSourceTest,testBuildingWhilstMissingRequiredFieldsShouldThrowAxonConfigurationException,4,1,0,130,1,org.axonframework.extensions.kafka.eventhandling.consumer.streamable.StreamableKafkaMessageSource,org.axonframework.extensions.kafka.eventhandling.consumer.streamable.StreamableKafkaMessageSource
.,org.axonframework.extensions.kafka.eventhandling.consumer.streamable,StreamableKafkaMessageSourceTest,testOpeningMessageStreamWithInvalidTypeOfTrackingTokenShouldThrowException,4,1,0,136,1,,
.,org.axonframework.extensions.kafka.eventhandling.consumer.streamable,StreamableKafkaMessageSourceTest,testOpeningMessageStreamWithNullTokenShouldInvokeFetcher,13,1,0,142,1,org.axonframework.extensions.kafka.eventhandling.consumer.streamable.StreamableKafkaMessageSource,org.axonframework.extensions.kafka.eventhandling.consumer.streamable.StreamableKafkaMessageSource
.,org.axonframework.extensions.kafka.eventhandling.consumer.streamable,StreamableKafkaMessageSourceTest,testOpeningMessageStreamWithValidTokenShouldStartTheFetcher,13,1,0,159,1,org.axonframework.extensions.kafka.eventhandling.consumer.streamable.StreamableKafkaMessageSource,org.axonframework.extensions.kafka.eventhandling.consumer.streamable.KafkaTrackingToken; org.axonframework.extensions.kafka.eventhandling.consumer.streamable.StreamableKafkaMessageSource
.,org.axonframework.extensions.kafka.eventhandling.consumer.streamable,StreamableKafkaMessageSourceTest,incompatibleTokenType,14,1,0,176,0,,
.,org.axonframework.extensions.kafka.eventhandling.consumer.streamable,StreamableKafkaMessageSourceTest,lowerBound,3,1,1,178,0,,
.,org.axonframework.extensions.kafka.eventhandling.consumer.streamable,StreamableKafkaMessageSourceTest,upperBound,3,1,1,183,0,,
.,org.axonframework.extensions.kafka.eventhandling.consumer.streamable,StreamableKafkaMessageSourceTest,covers,3,1,1,188,0,,
.,org.axonframework.extensions.kafka.eventhandling.consumer.streamable,FailingConsumerErrorThroughBufferTest,setUp,6,1,0,50,0,org.axonframework.extensions.kafka.eventhandling.consumer.AsyncFetcher,org.axonframework.extensions.kafka.eventhandling.consumer.AsyncFetcher
.,org.axonframework.extensions.kafka.eventhandling.consumer.streamable,FailingConsumerErrorThroughBufferTest,shutdown,3,1,0,62,0,org.axonframework.extensions.kafka.eventhandling.consumer.Fetcher,org.axonframework.extensions.kafka.eventhandling.consumer.Fetcher
.,org.axonframework.extensions.kafka.eventhandling.consumer.streamable,FailingConsumerErrorThroughBufferTest,testFetchEventExceptionAfterFailedPollWhenCallingNextAvailable,6,1,0,67,1,org.axonframework.extensions.kafka.eventhandling.consumer.TopicSubscriberBuilder,org.axonframework.extensions.kafka.eventhandling.consumer.TopicSubscriberBuilder; org.axonframework.extensions.kafka.eventhandling.consumer.streamable.StreamableKafkaMessageSource
.,org.axonframework.extensions.kafka.eventhandling.consumer.streamable,FailingConsumerErrorThroughBufferTest,testFetchEventExceptionAfterFailedPollWhenCallingHasNextAvailable,18,1,0,80,1,org.axonframework.extensions.kafka.eventhandling.consumer.TopicSubscriberBuilder,org.axonframework.extensions.kafka.eventhandling.consumer.TopicSubscriberBuilder; org.axonframework.extensions.kafka.eventhandling.consumer.streamable.StreamableKafkaMessageSource
.,org.axonframework.extensions.kafka.eventhandling.consumer.streamable,FailingConsumerErrorThroughBufferTest,testFetchEventExceptionAfterFailedPollWhenCallingPeek,18,1,0,103,1,org.axonframework.extensions.kafka.eventhandling.consumer.TopicSubscriberBuilder,org.axonframework.extensions.kafka.eventhandling.consumer.TopicSubscriberBuilder; org.axonframework.extensions.kafka.eventhandling.consumer.streamable.StreamableKafkaMessageSource
.,org.axonframework.extensions.kafka.eventhandling.consumer.streamable,KafkaTrackingTokenTest,testNullTokenShouldBeEmpty,3,1,0,45,1,org.axonframework.extensions.kafka.eventhandling.consumer.streamable.KafkaTrackingToken,org.axonframework.extensions.kafka.eventhandling.consumer.streamable.KafkaTrackingToken
.,org.axonframework.extensions.kafka.eventhandling.consumer.streamable,KafkaTrackingTokenTest,testTokensWithoutPartitionsShouldBeEmpty,3,1,0,51,1,org.axonframework.extensions.kafka.eventhandling.consumer.streamable.KafkaTrackingToken,org.axonframework.extensions.kafka.eventhandling.consumer.streamable.KafkaTrackingToken
.,org.axonframework.extensions.kafka.eventhandling.consumer.streamable,KafkaTrackingTokenTest,testTokensWithPartitionsShouldBeEmpty,3,1,0,56,1,org.axonframework.extensions.kafka.eventhandling.consumer.streamable.KafkaTrackingToken,org.axonframework.extensions.kafka.eventhandling.consumer.streamable.KafkaTrackingToken
.,org.axonframework.extensions.kafka.eventhandling.consumer.streamable,KafkaTrackingTokenTest,testAdvanceToInvalidTopic,4,1,0,61,1,org.axonframework.extensions.kafka.eventhandling.consumer.streamable.KafkaTrackingToken,org.axonframework.extensions.kafka.eventhandling.consumer.streamable.KafkaTrackingToken
.,org.axonframework.extensions.kafka.eventhandling.consumer.streamable,KafkaTrackingTokenTest,testAdvanceToInvalidPartition,4,1,0,67,1,org.axonframework.extensions.kafka.eventhandling.consumer.streamable.KafkaTrackingToken,org.axonframework.extensions.kafka.eventhandling.consumer.streamable.KafkaTrackingToken
.,org.axonframework.extensions.kafka.eventhandling.consumer.streamable,KafkaTrackingTokenTest,testAdvanceToInvalidOffset,4,1,0,73,1,org.axonframework.extensions.kafka.eventhandling.consumer.streamable.KafkaTrackingToken,org.axonframework.extensions.kafka.eventhandling.consumer.streamable.KafkaTrackingToken
.,org.axonframework.extensions.kafka.eventhandling.consumer.streamable,KafkaTrackingTokenTest,testCompareTokens,9,1,0,79,1,org.axonframework.extensions.kafka.eventhandling.consumer.streamable.KafkaTrackingToken,org.axonframework.extensions.kafka.eventhandling.consumer.streamable.KafkaTrackingToken
.,org.axonframework.extensions.kafka.eventhandling.consumer.streamable,KafkaTrackingTokenTest,testTokenIsHumanReadable,3,1,0,91,1,org.axonframework.extensions.kafka.eventhandling.consumer.streamable.KafkaTrackingToken,org.axonframework.extensions.kafka.eventhandling.consumer.streamable.KafkaTrackingToken
.,org.axonframework.extensions.kafka.eventhandling.consumer.streamable,KafkaTrackingTokenTest,nonEmptyToken,3,1,0,96,0,org.axonframework.extensions.kafka.eventhandling.consumer.streamable.KafkaTrackingToken,org.axonframework.extensions.kafka.eventhandling.consumer.streamable.KafkaTrackingToken
.,org.axonframework.extensions.kafka.eventhandling.consumer.streamable,KafkaTrackingTokenTest,testAdvanceToLaterTimestamp,10,1,0,100,1,org.axonframework.extensions.kafka.eventhandling.consumer.streamable.KafkaTrackingToken,org.axonframework.extensions.kafka.eventhandling.consumer.streamable.KafkaTrackingToken
.,org.axonframework.extensions.kafka.eventhandling.consumer.streamable,KafkaTrackingTokenTest,testAdvanceToOlderTimestamp,10,1,0,114,1,org.axonframework.extensions.kafka.eventhandling.consumer.streamable.KafkaTrackingToken,org.axonframework.extensions.kafka.eventhandling.consumer.streamable.KafkaTrackingToken
.,org.axonframework.extensions.kafka.eventhandling.consumer.streamable,KafkaTrackingTokenTest,assertKnownEventIds,3,1,2,128,0,org.axonframework.extensions.kafka.eventhandling.consumer.streamable.KafkaTrackingToken,org.axonframework.extensions.kafka.eventhandling.consumer.streamable.KafkaTrackingToken
.,org.axonframework.extensions.kafka.eventhandling.consumer.streamable,KafkaTrackingTokenTest,testAdvancingATokenMakesItCoverThePrevious,7,1,0,135,1,org.axonframework.extensions.kafka.eventhandling.consumer.streamable.KafkaTrackingToken,org.axonframework.extensions.kafka.eventhandling.consumer.streamable.KafkaTrackingToken
.,org.axonframework.extensions.kafka.eventhandling.consumer.streamable,KafkaTrackingTokenTest,testUpperBound,22,1,0,146,1,org.axonframework.extensions.kafka.eventhandling.consumer.streamable.KafkaTrackingToken,org.axonframework.extensions.kafka.eventhandling.consumer.streamable.KafkaTrackingToken
.,org.axonframework.extensions.kafka.eventhandling.consumer.streamable,KafkaTrackingTokenTest,testLowerBound,22,1,0,173,1,org.axonframework.extensions.kafka.eventhandling.consumer.streamable.KafkaTrackingToken,org.axonframework.extensions.kafka.eventhandling.consumer.streamable.KafkaTrackingToken
.,org.axonframework.extensions.kafka.eventhandling.consumer.streamable,KafkaTrackingTokenTest,testCoversRegression,5,1,0,200,1,org.axonframework.extensions.kafka.eventhandling.consumer.streamable.KafkaTrackingToken,org.axonframework.extensions.kafka.eventhandling.consumer.streamable.KafkaTrackingToken
.,org.axonframework.extensions.kafka.eventhandling.consumer.streamable,KafkaTrackingTokenTest,testRelationOfCoversAndUpperBounds,19,3,0,208,1,org.axonframework.extensions.kafka.eventhandling.consumer.streamable.KafkaTrackingToken,org.axonframework.extensions.kafka.eventhandling.consumer.streamable.KafkaTrackingToken
.,org.axonframework.extensions.kafka.eventhandling.consumer.streamable,JSR166TestCase,runTest,8,2,0,107,0,org.axonframework.extensions.kafka.eventhandling.consumer.streamable.JSR166TestCase,org.axonframework.extensions.kafka.eventhandling.consumer.streamable.JSR166TestCase
.,org.axonframework.extensions.kafka.eventhandling.consumer.streamable,JSR166TestCase,runTestProfiled,12,2,0,115,0,,
.,org.axonframework.extensions.kafka.eventhandling.consumer.streamable,JSR166TestCase,getShortDelay,3,1,0,132,0,,
.,org.axonframework.extensions.kafka.eventhandling.consumer.streamable,JSR166TestCase,setDelays,6,1,0,139,0,org.axonframework.extensions.kafka.eventhandling.consumer.streamable.JSR166TestCase,org.axonframework.extensions.kafka.eventhandling.consumer.streamable.JSR166TestCase
.,org.axonframework.extensions.kafka.eventhandling.consumer.streamable,JSR166TestCase,threadRecordFailure,3,1,1,154,0,,
.,org.axonframework.extensions.kafka.eventhandling.consumer.streamable,JSR166TestCase,setUp,3,1,0,162,0,org.axonframework.extensions.kafka.eventhandling.consumer.streamable.JSR166TestCase,org.axonframework.extensions.kafka.eventhandling.consumer.streamable.JSR166TestCase
.,org.axonframework.extensions.kafka.eventhandling.consumer.streamable,JSR166TestCase,tearDown,22,6,0,166,0,,
.,org.axonframework.extensions.kafka.eventhandling.consumer.streamable,JSR166TestCase,threadUnexpectedException,15,3,1,195,0,org.axonframework.extensions.kafka.eventhandling.consumer.streamable.JSR166TestCase,org.axonframework.extensions.kafka.eventhandling.consumer.streamable.JSR166TestCase
.,org.axonframework.extensions.kafka.eventhandling.consumer.streamable,JSR166TestCase,delay,19,4,1,213,0,,
.,org.axonframework.extensions.kafka.eventhandling.consumer.streamable,JSR166TestCase,newStartedThread,6,1,1,249,0,,
.,org.axonframework.extensions.kafka.eventhandling.consumer.streamable,JSR166TestCase,awaitTermination,14,2,2,259,0,org.axonframework.extensions.kafka.eventhandling.consumer.streamable.JSR166TestCase,org.axonframework.extensions.kafka.eventhandling.consumer.streamable.JSR166TestCase
.,org.axonframework.extensions.kafka.eventhandling.consumer.streamable,JSR166TestCase,awaitTermination,3,1,1,276,0,org.axonframework.extensions.kafka.eventhandling.consumer.streamable.JSR166TestCase,org.axonframework.extensions.kafka.eventhandling.consumer.streamable.JSR166TestCase
.,org.axonframework.extensions.kafka.eventhandling.consumer.streamable,JSR166TestCase,await,8,1,1,298,0,org.axonframework.extensions.kafka.eventhandling.consumer.streamable.JSR166TestCase,org.axonframework.extensions.kafka.eventhandling.consumer.streamable.JSR166TestCase
.,org.axonframework.extensions.kafka.eventhandling.consumer.streamable,TrackingRecordConverterTest,setUp,5,1,0,52,0,org.axonframework.extensions.kafka.eventhandling.consumer.streamable.KafkaTrackingToken,org.axonframework.extensions.kafka.eventhandling.consumer.streamable.KafkaTrackingToken
.,org.axonframework.extensions.kafka.eventhandling.consumer.streamable,TrackingRecordConverterTest,testProvidingNullTokenThrowsAssertionException,3,1,0,64,1,,
.,org.axonframework.extensions.kafka.eventhandling.consumer.streamable,TrackingRecordConverterTest,testConverterConvertsRecordsAndTracksProgress,14,1,0,73,1,org.axonframework.extensions.kafka.eventhandling.consumer.streamable.TrackingRecordConverter,org.axonframework.extensions.kafka.eventhandling.consumer.streamable.TrackingRecordConverter; org.axonframework.extensions.kafka.eventhandling.consumer.streamable.KafkaTrackingToken; org.axonframework.extensions.kafka.eventhandling.consumer.streamable.KafkaEventMessage
.,org.axonframework.extensions.kafka.eventhandling.consumer.streamable,TrackingRecordConverterTest,testCurrentTokenReturnsTheGivenTokenIfNoConversionHasTakenPlace,6,1,0,95,1,org.axonframework.extensions.kafka.eventhandling.consumer.streamable.TrackingRecordConverter,org.axonframework.extensions.kafka.eventhandling.consumer.streamable.KafkaTrackingToken; org.axonframework.extensions.kafka.eventhandling.consumer.streamable.TrackingRecordConverter
.,org.axonframework.extensions.kafka.eventhandling.consumer.streamable,TrackingRecordConverterTest,buildConsumerRecords,7,2,1,106,0,,
.,org.axonframework.extensions.kafka.eventhandling.consumer.streamable,TrackingRecordConverterTest,buildRecord,3,1,1,116,0,,
.,org.axonframework.extensions.kafka.eventhandling.consumer.streamable,ConsumerPositionsUtilIntegrationTest,publishRecordsOnPartitions,8,3,4,70,0,org.axonframework.extensions.kafka.eventhandling.consumer.streamable.ConsumerPositionsUtilIntegrationTest,org.axonframework.extensions.kafka.eventhandling.consumer.streamable.ConsumerPositionsUtilIntegrationTest
.,org.axonframework.extensions.kafka.eventhandling.consumer.streamable,ConsumerPositionsUtilIntegrationTest,buildRecord,3,1,2,82,0,,
.,org.axonframework.extensions.kafka.eventhandling.consumer.streamable,ConsumerPositionsUtilIntegrationTest,setUp,6,1,1,86,0,,
.,org.axonframework.extensions.kafka.eventhandling.consumer.streamable,ConsumerPositionsUtilIntegrationTest,tearDown,4,1,1,94,0,org.axonframework.extensions.kafka.eventhandling.producer.ProducerFactory,org.axonframework.extensions.kafka.eventhandling.producer.ProducerFactory
.,org.axonframework.extensions.kafka.eventhandling.consumer.streamable,ConsumerPositionsUtilIntegrationTest,getTopicSubscribers,3,1,0,99,0,,
.,org.axonframework.extensions.kafka.eventhandling.consumer.streamable,ConsumerPositionsUtilIntegrationTest,positionsTest,20,1,2,109,0,org.axonframework.extensions.kafka.eventhandling.consumer.streamable.ConsumerPositionsUtilIntegrationTest,org.axonframework.extensions.kafka.eventhandling.consumer.streamable.ConsumerPositionsUtilIntegrationTest; org.axonframework.extensions.kafka.eventhandling.consumer.streamable.ConsumerPositionsUtil; org.axonframework.extensions.kafka.eventhandling.producer.ProducerFactory; org.axonframework.extensions.kafka.eventhandling.consumer.ConsumerFactory
.,org.axonframework.extensions.kafka.eventhandling.consumer.streamable,SortedKafkaMessageBufferTest,populatedBuffer,31,5,3,51,0,org.axonframework.extensions.kafka.eventhandling.consumer.streamable.SortedKafkaMessageBuffer,org.axonframework.extensions.kafka.eventhandling.consumer.streamable.SortedKafkaMessageBuffer; org.axonframework.extensions.kafka.eventhandling.consumer.streamable.SortedKafkaMessageBufferTest
.,org.axonframework.extensions.kafka.eventhandling.consumer.streamable,SortedKafkaMessageBufferTest,concurrent,30,4,2,85,0,org.axonframework.extensions.kafka.eventhandling.consumer.streamable.SortedKafkaMessageBufferTest,org.axonframework.extensions.kafka.eventhandling.consumer.streamable.SortedKafkaMessageBufferTest
.,org.axonframework.extensions.kafka.eventhandling.consumer.streamable,SortedKafkaMessageBufferTest,isAssertionError,3,1,1,117,0,,
.,org.axonframework.extensions.kafka.eventhandling.consumer.streamable,SortedKafkaMessageBufferTest,message,3,1,4,121,0,,
.,org.axonframework.extensions.kafka.eventhandling.consumer.streamable,SortedKafkaMessageBufferTest,testCreateBufferWithNonPositiveCapacity,3,1,0,125,0,,
.,org.axonframework.extensions.kafka.eventhandling.consumer.streamable,SortedKafkaMessageBufferTest,testPutInvalidMessageInABuffer,4,1,0,129,0,,
.,org.axonframework.extensions.kafka.eventhandling.consumer.streamable,SortedKafkaMessageBufferTest,testCreateBuffer,3,1,0,134,0,,
.,org.axonframework.extensions.kafka.eventhandling.consumer.streamable,SortedKafkaMessageBufferTest,testEmptyFull,17,1,0,141,0,org.axonframework.extensions.kafka.eventhandling.consumer.streamable.SortedKafkaMessageBuffer,org.axonframework.extensions.kafka.eventhandling.consumer.streamable.SortedKafkaMessageBuffer; org.axonframework.extensions.kafka.eventhandling.consumer.streamable.SortedKafkaMessageBufferTest
.,org.axonframework.extensions.kafka.eventhandling.consumer.streamable,SortedKafkaMessageBufferTest,testIsEmpty,5,1,0,161,0,org.axonframework.extensions.kafka.eventhandling.consumer.streamable.SortedKafkaMessageBuffer,org.axonframework.extensions.kafka.eventhandling.consumer.streamable.SortedKafkaMessageBuffer
.,org.axonframework.extensions.kafka.eventhandling.consumer.streamable,SortedKafkaMessageBufferTest,testRemainingCapacity,17,3,0,167,0,org.axonframework.extensions.kafka.eventhandling.consumer.streamable.SortedKafkaMessageBuffer,org.axonframework.extensions.kafka.eventhandling.consumer.streamable.SortedKafkaMessageBufferTest; org.axonframework.extensions.kafka.eventhandling.consumer.streamable.SortedKafkaMessageBuffer
.,org.axonframework.extensions.kafka.eventhandling.consumer.streamable,SortedKafkaMessageBufferTest,testBlockingPut,26,2,0,188,0,org.axonframework.extensions.kafka.eventhandling.consumer.streamable.SortedKafkaMessageBuffer,org.axonframework.extensions.kafka.eventhandling.consumer.streamable.SortedKafkaMessageBufferTest; org.axonframework.extensions.kafka.eventhandling.consumer.streamable.SortedKafkaMessageBuffer
.,org.axonframework.extensions.kafka.eventhandling.consumer.streamable,SortedKafkaMessageBufferTest,realRun,13,2,0,195,0,org.axonframework.extensions.kafka.eventhandling.consumer.streamable.SortedKafkaMessageBuffer,org.axonframework.extensions.kafka.eventhandling.consumer.streamable.SortedKafkaMessageBufferTest; org.axonframework.extensions.kafka.eventhandling.consumer.streamable.SortedKafkaMessageBuffer
.,org.axonframework.extensions.kafka.eventhandling.consumer.streamable,SortedKafkaMessageBufferTest,assertThreadBlocks,18,4,2,221,0,,
.,org.axonframework.extensions.kafka.eventhandling.consumer.streamable,SortedKafkaMessageBufferTest,testPutAndPollTimestampOrdering,14,3,0,243,0,org.axonframework.extensions.kafka.eventhandling.consumer.streamable.SortedKafkaMessageBuffer,org.axonframework.extensions.kafka.eventhandling.consumer.streamable.SortedKafkaMessageBuffer; org.axonframework.extensions.kafka.eventhandling.consumer.streamable.SortedKafkaMessageBufferTest; org.axonframework.extensions.kafka.eventhandling.consumer.streamable.KafkaEventMessage
.,org.axonframework.extensions.kafka.eventhandling.consumer.streamable,SortedKafkaMessageBufferTest,testPutAndTakeTimestampOrdering,14,3,0,269,0,org.axonframework.extensions.kafka.eventhandling.consumer.streamable.SortedKafkaMessageBuffer,org.axonframework.extensions.kafka.eventhandling.consumer.streamable.SortedKafkaMessageBuffer; org.axonframework.extensions.kafka.eventhandling.consumer.streamable.SortedKafkaMessageBufferTest; org.axonframework.extensions.kafka.eventhandling.consumer.streamable.KafkaEventMessage
.,org.axonframework.extensions.kafka.eventhandling.consumer.streamable,SortedKafkaMessageBufferTest,testPutAndPollProgressiveBuffer,15,1,0,295,0,org.axonframework.extensions.kafka.eventhandling.consumer.streamable.SortedKafkaMessageBuffer,org.axonframework.extensions.kafka.eventhandling.consumer.streamable.SortedKafkaMessageBuffer; org.axonframework.extensions.kafka.eventhandling.consumer.streamable.SortedKafkaMessageBufferTest; org.axonframework.extensions.kafka.eventhandling.consumer.streamable.KafkaEventMessage
.,org.axonframework.extensions.kafka.eventhandling.consumer.streamable,SortedKafkaMessageBufferTest,testPutAndTakeProgressiveBuffer,14,1,0,311,0,org.axonframework.extensions.kafka.eventhandling.consumer.streamable.SortedKafkaMessageBuffer,org.axonframework.extensions.kafka.eventhandling.consumer.streamable.SortedKafkaMessageBuffer; org.axonframework.extensions.kafka.eventhandling.consumer.streamable.SortedKafkaMessageBufferTest; org.axonframework.extensions.kafka.eventhandling.consumer.streamable.KafkaEventMessage
.,org.axonframework.extensions.kafka.eventhandling.consumer.streamable,SortedKafkaMessageBufferTest,testPutAndPollMessagesPublishedAtSameTimeOnSamePartition,14,3,0,326,0,org.axonframework.extensions.kafka.eventhandling.consumer.streamable.SortedKafkaMessageBuffer,org.axonframework.extensions.kafka.eventhandling.consumer.streamable.SortedKafkaMessageBuffer; org.axonframework.extensions.kafka.eventhandling.consumer.streamable.SortedKafkaMessageBufferTest; org.axonframework.extensions.kafka.eventhandling.consumer.streamable.KafkaEventMessage
.,org.axonframework.extensions.kafka.eventhandling.consumer.streamable,SortedKafkaMessageBufferTest,testPutAndTakeMessagesPublishedAtSameTimeOnSamePartition,14,3,0,343,0,org.axonframework.extensions.kafka.eventhandling.consumer.streamable.SortedKafkaMessageBuffer,org.axonframework.extensions.kafka.eventhandling.consumer.streamable.SortedKafkaMessageBuffer; org.axonframework.extensions.kafka.eventhandling.consumer.streamable.SortedKafkaMessageBufferTest; org.axonframework.extensions.kafka.eventhandling.consumer.streamable.KafkaEventMessage
.,org.axonframework.extensions.kafka.eventhandling.consumer.streamable,SortedKafkaMessageBufferTest,testPutAndPollMessagesPublishedAtSameTimeAcrossDifferentPartitions,14,3,0,360,0,org.axonframework.extensions.kafka.eventhandling.consumer.streamable.SortedKafkaMessageBuffer,org.axonframework.extensions.kafka.eventhandling.consumer.streamable.SortedKafkaMessageBuffer; org.axonframework.extensions.kafka.eventhandling.consumer.streamable.SortedKafkaMessageBufferTest; org.axonframework.extensions.kafka.eventhandling.consumer.streamable.KafkaEventMessage
.,org.axonframework.extensions.kafka.eventhandling.consumer.streamable,SortedKafkaMessageBufferTest,testPutAndTakeMessagesPublishedAtSameTimeAcrossDifferentPartitions,14,3,0,377,0,org.axonframework.extensions.kafka.eventhandling.consumer.streamable.SortedKafkaMessageBuffer,org.axonframework.extensions.kafka.eventhandling.consumer.streamable.SortedKafkaMessageBuffer; org.axonframework.extensions.kafka.eventhandling.consumer.streamable.SortedKafkaMessageBufferTest; org.axonframework.extensions.kafka.eventhandling.consumer.streamable.KafkaEventMessage
.,org.axonframework.extensions.kafka.eventhandling.consumer.streamable,SortedKafkaMessageBufferTest,testPeekAndPollProgressiveBuffer,25,1,0,395,0,org.axonframework.extensions.kafka.eventhandling.consumer.streamable.SortedKafkaMessageBuffer,org.axonframework.extensions.kafka.eventhandling.consumer.streamable.SortedKafkaMessageBuffer; org.axonframework.extensions.kafka.eventhandling.consumer.streamable.SortedKafkaMessageBufferTest; org.axonframework.extensions.kafka.eventhandling.consumer.streamable.KafkaEventMessage
.,org.axonframework.extensions.kafka.eventhandling.consumer.streamable,SortedKafkaMessageBufferTest,testPeekMessagesPublishedAtTheSameTimeAcrossDifferentPartitions,15,2,0,429,0,org.axonframework.extensions.kafka.eventhandling.consumer.streamable.SortedKafkaMessageBuffer,org.axonframework.extensions.kafka.eventhandling.consumer.streamable.SortedKafkaMessageBuffer; org.axonframework.extensions.kafka.eventhandling.consumer.streamable.SortedKafkaMessageBufferTest; org.axonframework.extensions.kafka.eventhandling.consumer.streamable.KafkaEventMessage
.,org.axonframework.extensions.kafka.eventhandling.consumer.streamable,SortedKafkaMessageBufferTest,testPollOffsetOrdering,12,3,0,448,0,org.axonframework.extensions.kafka.eventhandling.consumer.streamable.SortedKafkaMessageBuffer,org.axonframework.extensions.kafka.eventhandling.consumer.streamable.SortedKafkaMessageBuffer; org.axonframework.extensions.kafka.eventhandling.consumer.streamable.SortedKafkaMessageBufferTest; org.axonframework.extensions.kafka.eventhandling.consumer.streamable.KafkaEventMessage
.,org.axonframework.extensions.kafka.eventhandling.consumer.streamable,SortedKafkaMessageBufferTest,testTakeOffsetOrdering,12,3,0,472,0,org.axonframework.extensions.kafka.eventhandling.consumer.streamable.SortedKafkaMessageBuffer,org.axonframework.extensions.kafka.eventhandling.consumer.streamable.SortedKafkaMessageBuffer; org.axonframework.extensions.kafka.eventhandling.consumer.streamable.SortedKafkaMessageBufferTest; org.axonframework.extensions.kafka.eventhandling.consumer.streamable.KafkaEventMessage
.,org.axonframework.extensions.kafka.eventhandling.consumer.streamable,SortedKafkaMessageBufferTest,testPollOnAnInterruptedStream,10,1,0,496,0,,
.,org.axonframework.extensions.kafka.eventhandling.consumer.streamable,SortedKafkaMessageBufferTest,testPeekOnAnInterruptedStream,10,1,0,507,0,org.axonframework.extensions.kafka.eventhandling.consumer.streamable.SortedKafkaMessageBuffer,org.axonframework.extensions.kafka.eventhandling.consumer.streamable.SortedKafkaMessageBuffer
.,org.axonframework.extensions.kafka.eventhandling.consumer.streamable,SortedKafkaMessageBufferTest,testPutOnAnInterruptedStream,10,1,0,518,0,,
.,org.axonframework.extensions.kafka.eventhandling.consumer.streamable,SortedKafkaMessageBufferTest,testTakeOnAnInterruptedStream,10,1,0,529,0,,
.,org.axonframework.extensions.kafka.eventhandling.consumer.streamable,SortedKafkaMessageBufferTest,testConcurrentPeekAndPoll,24,2,0,540,0,org.axonframework.extensions.kafka.eventhandling.consumer.streamable.SortedKafkaMessageBuffer,org.axonframework.extensions.kafka.eventhandling.consumer.streamable.SortedKafkaMessageBuffer; org.axonframework.extensions.kafka.eventhandling.consumer.streamable.SortedKafkaMessageBufferTest
.,org.axonframework.extensions.kafka.eventhandling.consumer.streamable,SortedKafkaMessageBufferTest,testConcurrentPeekAndTake,24,2,0,562,0,org.axonframework.extensions.kafka.eventhandling.consumer.streamable.SortedKafkaMessageBuffer,org.axonframework.extensions.kafka.eventhandling.consumer.streamable.SortedKafkaMessageBuffer; org.axonframework.extensions.kafka.eventhandling.consumer.streamable.SortedKafkaMessageBufferTest
.,org.axonframework.extensions.kafka.eventhandling.consumer.streamable,SortedKafkaMessageBufferTest,testExceptionThrowOnTakeWhenSet,5,1,0,584,0,org.axonframework.extensions.kafka.eventhandling.consumer.streamable.SortedKafkaMessageBuffer,org.axonframework.extensions.kafka.eventhandling.consumer.streamable.SortedKafkaMessageBuffer
.,org.axonframework.extensions.kafka.eventhandling.consumer.streamable,SortedKafkaMessageBufferTest,testExceptionThrowOnPeekWhenSet,5,1,0,590,0,org.axonframework.extensions.kafka.eventhandling.consumer.streamable.SortedKafkaMessageBuffer,org.axonframework.extensions.kafka.eventhandling.consumer.streamable.SortedKafkaMessageBuffer
.,org.axonframework.extensions.kafka.eventhandling.consumer.streamable,SortedKafkaMessageBufferTest,testExceptionThrowOnPollWhenSet,5,1,0,596,0,org.axonframework.extensions.kafka.eventhandling.consumer.streamable.SortedKafkaMessageBuffer,org.axonframework.extensions.kafka.eventhandling.consumer.streamable.SortedKafkaMessageBuffer
.,org.axonframework.extensions.kafka.eventhandling.consumer.streamable,SortedKafkaMessageBufferTest,testOnceExceptionSetTakeStillFirstEmptiesBuffer,7,1,0,602,0,org.axonframework.extensions.kafka.eventhandling.consumer.streamable.SortedKafkaMessageBuffer,org.axonframework.extensions.kafka.eventhandling.consumer.streamable.SortedKafkaMessageBuffer; org.axonframework.extensions.kafka.eventhandling.consumer.streamable.SortedKafkaMessageBufferTest
.,org.axonframework.extensions.kafka.eventhandling.consumer.streamable,KafkaMessageStreamTest,emptyStream,4,1,0,44,0,,
.,org.axonframework.extensions.kafka.eventhandling.consumer.streamable,KafkaMessageStreamTest,trackedDomainEvent,3,1,1,49,0,,
.,org.axonframework.extensions.kafka.eventhandling.consumer.streamable,KafkaMessageStreamTest,domainMessage,3,1,1,53,0,,
.,org.axonframework.extensions.kafka.eventhandling.consumer.streamable,KafkaMessageStreamTest,stream,8,2,1,57,0,,
.,org.axonframework.extensions.kafka.eventhandling.consumer.streamable,KafkaMessageStreamTest,testPeekOnAnEmptyStreamShouldContainNoElement,3,1,0,69,1,org.axonframework.extensions.kafka.eventhandling.consumer.streamable.KafkaMessageStream,org.axonframework.extensions.kafka.eventhandling.consumer.streamable.KafkaMessageStream
.,org.axonframework.extensions.kafka.eventhandling.consumer.streamable,KafkaMessageStreamTest,testPeekOnNonEmptyStreamShouldContainSomeElement,6,1,0,74,1,org.axonframework.extensions.kafka.eventhandling.consumer.streamable.KafkaMessageStream,org.axonframework.extensions.kafka.eventhandling.consumer.streamable.KafkaMessageStream
.,org.axonframework.extensions.kafka.eventhandling.consumer.streamable,KafkaMessageStreamTest,testPeekOnAProgressiveStreamShouldContainElementsInCorrectOrder,10,1,0,82,1,org.axonframework.extensions.kafka.eventhandling.consumer.streamable.KafkaMessageStream,org.axonframework.extensions.kafka.eventhandling.consumer.streamable.KafkaMessageStream
.,org.axonframework.extensions.kafka.eventhandling.consumer.streamable,KafkaMessageStreamTest,testPeekOnAnInterruptedStreamShouldThrowException,10,1,0,94,1,org.axonframework.extensions.kafka.eventhandling.consumer.streamable.KafkaMessageStream,org.axonframework.extensions.kafka.eventhandling.consumer.streamable.KafkaMessageStream
.,org.axonframework.extensions.kafka.eventhandling.consumer.streamable,KafkaMessageStreamTest,testHasNextAvailableOnAnEmptyStreamShouldContainNoElement,3,1,0,107,1,org.axonframework.extensions.kafka.eventhandling.consumer.streamable.KafkaMessageStream,org.axonframework.extensions.kafka.eventhandling.consumer.streamable.KafkaMessageStream
.,org.axonframework.extensions.kafka.eventhandling.consumer.streamable,KafkaMessageStreamTest,testHasNextAvailableOnNonEmptyStreamShouldContainSomeElement,4,1,0,112,1,org.axonframework.extensions.kafka.eventhandling.consumer.streamable.KafkaMessageStream,org.axonframework.extensions.kafka.eventhandling.consumer.streamable.KafkaMessageStream
.,org.axonframework.extensions.kafka.eventhandling.consumer.streamable,KafkaMessageStreamTest,testHasNextAvailableOnAProgressiveStreamShouldContainElementsInCorrectOrder,10,1,0,118,1,org.axonframework.extensions.kafka.eventhandling.consumer.streamable.KafkaMessageStream,org.axonframework.extensions.kafka.eventhandling.consumer.streamable.KafkaMessageStream
.,org.axonframework.extensions.kafka.eventhandling.consumer.streamable,KafkaMessageStreamTest,testHasNextOnAnInterruptedStreamShouldThrowAnException,10,1,0,131,1,org.axonframework.extensions.kafka.eventhandling.consumer.streamable.KafkaMessageStream,org.axonframework.extensions.kafka.eventhandling.consumer.streamable.KafkaMessageStream
.,org.axonframework.extensions.kafka.eventhandling.consumer.streamable,KafkaMessageStreamTest,testNextAvailableOnAProgressiveStreamShouldContainElementInCorrectOrder,7,1,0,143,1,org.axonframework.extensions.kafka.eventhandling.consumer.streamable.KafkaMessageStream,org.axonframework.extensions.kafka.eventhandling.consumer.streamable.KafkaMessageStream
.,org.axonframework.extensions.kafka.eventhandling.consumer.streamable,KafkaMessageStreamTest,testNextAvailableOnAnInterruptedStreamShouldThrowAnException,10,1,0,153,1,org.axonframework.extensions.kafka.eventhandling.consumer.streamable.KafkaMessageStream,org.axonframework.extensions.kafka.eventhandling.consumer.streamable.KafkaMessageStream
.,org.axonframework.extensions.kafka.eventhandling.consumer.streamable,KafkaMessageStreamTest,testClosingMessageStreamShouldInvokeTheCloseHandler,7,1,0,165,1,org.axonframework.extensions.kafka.eventhandling.consumer.streamable.KafkaMessageStream,org.axonframework.extensions.kafka.eventhandling.consumer.streamable.KafkaMessageStream
.,org.axonframework.extensions.kafka.eventhandling.consumer.streamable,KafkaTrackingTokenSerializationTest,KafkaTrackingTokenSerializationTest,3,1,1,48,0,,
.,org.axonframework.extensions.kafka.eventhandling.consumer.streamable,KafkaTrackingTokenSerializationTest,serializers,3,1,0,52,0,,
.,org.axonframework.extensions.kafka.eventhandling.consumer.streamable,KafkaTrackingTokenSerializationTest,testReplayTokenShouldBeSerializable,8,1,0,57,1,,
.,org.axonframework.extensions.kafka.eventhandling.consumer.streamable,KafkaTrackingTokenSerializationTest,testTokenShouldBeSerializable,6,1,0,67,1,,
.,org.axonframework.extensions.kafka.eventhandling.consumer.streamable,KafkaTrackingTokenSerializationTest,nonEmptyToken,3,1,2,75,0,org.axonframework.extensions.kafka.eventhandling.consumer.streamable.KafkaTrackingToken,org.axonframework.extensions.kafka.eventhandling.consumer.streamable.KafkaTrackingToken
.,org.axonframework.extensions.kafka.eventhandling.consumer.streamable,KafkaTrackingToken,KafkaTrackingToken,3,1,1,48,0,,
.,org.axonframework.extensions.kafka.eventhandling.consumer.streamable,KafkaTrackingToken,newInstance,3,1,1,52,0,,
.,org.axonframework.extensions.kafka.eventhandling.consumer.streamable,KafkaTrackingToken,emptyToken,3,1,0,64,0,org.axonframework.extensions.kafka.eventhandling.consumer.streamable.KafkaTrackingToken,org.axonframework.extensions.kafka.eventhandling.consumer.streamable.KafkaTrackingToken
.,org.axonframework.extensions.kafka.eventhandling.consumer.streamable,KafkaTrackingToken,isNotEmpty,3,1,1,73,0,org.axonframework.extensions.kafka.eventhandling.consumer.streamable.KafkaTrackingToken,org.axonframework.extensions.kafka.eventhandling.consumer.streamable.KafkaTrackingToken
.,org.axonframework.extensions.kafka.eventhandling.consumer.streamable,KafkaTrackingToken,isEmpty,3,1,1,83,0,,
.,org.axonframework.extensions.kafka.eventhandling.consumer.streamable,KafkaTrackingToken,from,4,1,1,93,0,org.axonframework.extensions.kafka.eventhandling.consumer.streamable.KafkaTrackingToken,org.axonframework.extensions.kafka.eventhandling.consumer.streamable.KafkaTrackingToken
.,org.axonframework.extensions.kafka.eventhandling.consumer.streamable,KafkaTrackingToken,getPositions,3,1,0,110,0,,
.,org.axonframework.extensions.kafka.eventhandling.consumer.streamable,KafkaTrackingToken,advancedTo,6,1,3,120,0,org.axonframework.extensions.kafka.eventhandling.consumer.streamable.KafkaTrackingToken,org.axonframework.extensions.kafka.eventhandling.consumer.streamable.KafkaTrackingToken
.,org.axonframework.extensions.kafka.eventhandling.consumer.streamable,KafkaTrackingToken,advancedTo,5,1,2,138,0,org.axonframework.extensions.kafka.eventhandling.consumer.streamable.KafkaTrackingToken,org.axonframework.extensions.kafka.eventhandling.consumer.streamable.KafkaTrackingToken
.,org.axonframework.extensions.kafka.eventhandling.consumer.streamable,KafkaTrackingToken,lowerBound,4,1,1,144,0,org.axonframework.extensions.kafka.eventhandling.consumer.streamable.KafkaTrackingToken,org.axonframework.extensions.kafka.eventhandling.consumer.streamable.KafkaTrackingToken
.,org.axonframework.extensions.kafka.eventhandling.consumer.streamable,KafkaTrackingToken,upperBound,4,1,1,151,0,org.axonframework.extensions.kafka.eventhandling.consumer.streamable.KafkaTrackingToken,org.axonframework.extensions.kafka.eventhandling.consumer.streamable.KafkaTrackingToken
.,org.axonframework.extensions.kafka.eventhandling.consumer.streamable,KafkaTrackingToken,bounds,6,1,2,158,0,org.axonframework.extensions.kafka.eventhandling.consumer.streamable.KafkaTrackingToken,org.axonframework.extensions.kafka.eventhandling.consumer.streamable.KafkaTrackingToken
.,org.axonframework.extensions.kafka.eventhandling.consumer.streamable,KafkaTrackingToken,covers,5,1,1,170,0,org.axonframework.extensions.kafka.eventhandling.consumer.streamable.KafkaTrackingToken,org.axonframework.extensions.kafka.eventhandling.consumer.streamable.KafkaTrackingToken
.,org.axonframework.extensions.kafka.eventhandling.consumer.streamable,KafkaTrackingToken,match,3,1,2,181,0,org.axonframework.extensions.kafka.eventhandling.consumer.streamable.KafkaTrackingToken,org.axonframework.extensions.kafka.eventhandling.consumer.streamable.KafkaTrackingToken
.,org.axonframework.extensions.kafka.eventhandling.consumer.streamable,KafkaTrackingToken,equals,10,3,1,185,0,,
.,org.axonframework.extensions.kafka.eventhandling.consumer.streamable,KafkaTrackingToken,hashCode,3,1,0,197,0,,
.,org.axonframework.extensions.kafka.eventhandling.consumer.streamable,KafkaTrackingToken,toString,3,1,0,202,0,,
.,org.axonframework.extensions.kafka.eventhandling.consumer.streamable,SortedKafkaMessageBuffer,SortedKafkaMessageBuffer,3,1,0,80,0,,
.,org.axonframework.extensions.kafka.eventhandling.consumer.streamable,SortedKafkaMessageBuffer,SortedKafkaMessageBuffer,8,1,1,88,0,,
.,org.axonframework.extensions.kafka.eventhandling.consumer.streamable,SortedKafkaMessageBuffer,put,11,1,1,102,0,org.axonframework.extensions.kafka.eventhandling.consumer.streamable.SortedKafkaMessageBuffer,org.axonframework.extensions.kafka.eventhandling.consumer.streamable.SortedKafkaMessageBuffer
.,org.axonframework.extensions.kafka.eventhandling.consumer.streamable,SortedKafkaMessageBuffer,putAll,13,2,1,118,0,org.axonframework.extensions.kafka.eventhandling.consumer.streamable.SortedKafkaMessageBuffer,org.axonframework.extensions.kafka.eventhandling.consumer.streamable.SortedKafkaMessageBuffer
.,org.axonframework.extensions.kafka.eventhandling.consumer.streamable,SortedKafkaMessageBuffer,doPut,12,4,1,136,0,org.axonframework.extensions.kafka.eventhandling.consumer.streamable.SortedKafkaMessageBuffer,org.axonframework.extensions.kafka.eventhandling.consumer.streamable.SortedKafkaMessageBuffer; org.axonframework.extensions.kafka.eventhandling.consumer.streamable.KafkaRecordMetaData
.,org.axonframework.extensions.kafka.eventhandling.consumer.streamable,SortedKafkaMessageBuffer,add,6,2,1,153,0,,
.,org.axonframework.extensions.kafka.eventhandling.consumer.streamable,SortedKafkaMessageBuffer,poll,25,5,2,163,0,org.axonframework.extensions.kafka.eventhandling.consumer.streamable.KafkaRecordMetaData,org.axonframework.extensions.kafka.eventhandling.consumer.streamable.KafkaRecordMetaData; org.axonframework.extensions.kafka.eventhandling.consumer.streamable.SortedKafkaMessageBuffer
.,org.axonframework.extensions.kafka.eventhandling.consumer.streamable,SortedKafkaMessageBuffer,take,14,2,0,197,0,org.axonframework.extensions.kafka.eventhandling.consumer.streamable.SortedKafkaMessageBuffer,org.axonframework.extensions.kafka.eventhandling.consumer.streamable.SortedKafkaMessageBuffer
.,org.axonframework.extensions.kafka.eventhandling.consumer.streamable,SortedKafkaMessageBuffer,remove,8,2,0,215,0,,
.,org.axonframework.extensions.kafka.eventhandling.consumer.streamable,SortedKafkaMessageBuffer,peek,16,2,0,227,0,org.axonframework.extensions.kafka.eventhandling.consumer.streamable.SortedKafkaMessageBuffer,org.axonframework.extensions.kafka.eventhandling.consumer.streamable.SortedKafkaMessageBuffer
.,org.axonframework.extensions.kafka.eventhandling.consumer.streamable,SortedKafkaMessageBuffer,size,10,1,0,246,0,,
.,org.axonframework.extensions.kafka.eventhandling.consumer.streamable,SortedKafkaMessageBuffer,isEmpty,10,1,0,260,0,,
.,org.axonframework.extensions.kafka.eventhandling.consumer.streamable,SortedKafkaMessageBuffer,remainingCapacity,10,1,0,274,0,,
.,org.axonframework.extensions.kafka.eventhandling.consumer.streamable,SortedKafkaMessageBuffer,clear,10,1,0,288,0,,
.,org.axonframework.extensions.kafka.eventhandling.consumer.streamable,SortedKafkaMessageBuffer,throwIfPresent,6,2,0,302,0,,
.,org.axonframework.extensions.kafka.eventhandling.consumer.streamable,SortedKafkaMessageBuffer,toString,3,1,0,309,0,,
.,org.axonframework.extensions.kafka.eventhandling.consumer.streamable,SortedKafkaMessageBuffer,setException,15,1,1,317,0,,
.,org.axonframework.extensions.kafka.eventhandling.consumer.streamable,TrackingRecordConverter,TrackingRecordConverter,4,1,2,47,0,,
.,org.axonframework.extensions.kafka.eventhandling.consumer.streamable,TrackingRecordConverter,convert,13,2,1,62,0,org.axonframework.extensions.kafka.eventhandling.KafkaMessageConverter,org.axonframework.extensions.kafka.eventhandling.KafkaMessageConverter
.,org.axonframework.extensions.kafka.eventhandling.consumer.streamable,TrackingRecordConverter,currentToken,3,1,0,87,0,,
.,org.axonframework.extensions.kafka.eventhandling.consumer.streamable,TrackingTokenConsumerRebalanceListener,TrackingTokenConsumerRebalanceListener,4,1,2,57,0,,
.,org.axonframework.extensions.kafka.eventhandling.consumer.streamable,TrackingTokenConsumerRebalanceListener,onPartitionsRevoked,2,1,1,71,0,,
.,org.axonframework.extensions.kafka.eventhandling.consumer.streamable,TrackingTokenConsumerRebalanceListener,onPartitionsAssigned,13,2,1,76,0,,
.,org.axonframework.extensions.kafka.eventhandling.consumer.streamable,KafkaRecordMetaData,partition,0,1,0,29,0,,
.,org.axonframework.extensions.kafka.eventhandling.consumer.streamable,KafkaRecordMetaData,offset,0,1,0,36,0,,
.,org.axonframework.extensions.kafka.eventhandling.consumer.streamable,KafkaRecordMetaData,timestamp,0,1,0,43,0,,
.,org.axonframework.extensions.kafka.eventhandling.consumer.streamable,KafkaRecordMetaData,value,0,1,0,50,0,,
.,org.axonframework.extensions.kafka.eventhandling.consumer.streamable,ConsumerPositionsUtil,ConsumerPositionsUtil,2,1,0,41,0,,
.,org.axonframework.extensions.kafka.eventhandling.consumer.streamable,ConsumerPositionsUtil,getPositionsBasedOnTime,13,2,3,45,0,,
.,org.axonframework.extensions.kafka.eventhandling.consumer.streamable,ConsumerPositionsUtil,getHeadPositions,12,2,2,63,0,,
.,org.axonframework.extensions.kafka.eventhandling.consumer.streamable,KafkaEventMessage,KafkaEventMessage,7,1,4,48,0,,
.,org.axonframework.extensions.kafka.eventhandling.consumer.streamable,KafkaEventMessage,from,3,1,3,65,0,,
.,org.axonframework.extensions.kafka.eventhandling.consumer.streamable,KafkaEventMessage,partition,3,1,0,85,0,,
.,org.axonframework.extensions.kafka.eventhandling.consumer.streamable,KafkaEventMessage,offset,3,1,0,90,0,,
.,org.axonframework.extensions.kafka.eventhandling.consumer.streamable,KafkaEventMessage,timestamp,3,1,0,95,0,,
.,org.axonframework.extensions.kafka.eventhandling.consumer.streamable,KafkaEventMessage,value,3,1,0,100,0,,
.,org.axonframework.extensions.kafka.eventhandling.consumer.streamable,KafkaEventMessage,compareTo,3,1,1,105,0,,
.,org.axonframework.extensions.kafka.eventhandling.consumer.streamable,KafkaEventMessage,equals,12,3,1,118,0,,
.,org.axonframework.extensions.kafka.eventhandling.consumer.streamable,KafkaEventMessage,hashCode,7,1,0,133,0,,
.,org.axonframework.extensions.kafka.eventhandling.consumer.streamable,KafkaEventMessage,toString,3,1,0,142,0,,
.,org.axonframework.extensions.kafka.eventhandling.consumer.streamable,KafkaMessageStream,KafkaMessageStream,5,1,2,49,0,,
.,org.axonframework.extensions.kafka.eventhandling.consumer.streamable,KafkaMessageStream,peek,3,1,0,64,0,org.axonframework.extensions.kafka.eventhandling.consumer.streamable.KafkaMessageStream,org.axonframework.extensions.kafka.eventhandling.consumer.streamable.KafkaMessageStream; org.axonframework.extensions.kafka.eventhandling.consumer.streamable.KafkaEventMessage
.,org.axonframework.extensions.kafka.eventhandling.consumer.streamable,KafkaMessageStream,hasNextAvailable,10,1,2,71,0,org.axonframework.extensions.kafka.eventhandling.consumer.streamable.Buffer,org.axonframework.extensions.kafka.eventhandling.consumer.streamable.Buffer
.,org.axonframework.extensions.kafka.eventhandling.consumer.streamable,KafkaMessageStream,nextAvailable,13,1,0,82,0,org.axonframework.extensions.kafka.eventhandling.consumer.streamable.Buffer,org.axonframework.extensions.kafka.eventhandling.consumer.streamable.Buffer; org.axonframework.extensions.kafka.eventhandling.consumer.streamable.KafkaEventMessage
.,org.axonframework.extensions.kafka.eventhandling.consumer.streamable,KafkaMessageStream,close,5,2,0,95,0,,
.,org.axonframework.extensions.kafka.eventhandling.consumer.streamable,StreamableKafkaMessageSource,StreamableKafkaMessageSource,8,1,1,77,0,org.axonframework.extensions.kafka.eventhandling.consumer.TopicSubscriberBuilder,org.axonframework.extensions.kafka.eventhandling.consumer.TopicSubscriberBuilder
.,org.axonframework.extensions.kafka.eventhandling.consumer.streamable,StreamableKafkaMessageSource,builder,3,1,0,94,0,,
.,org.axonframework.extensions.kafka.eventhandling.consumer.streamable,StreamableKafkaMessageSource,openStream,10,1,1,111,0,org.axonframework.extensions.kafka.eventhandling.consumer.TopicSubscriber,org.axonframework.extensions.kafka.eventhandling.consumer.TopicSubscriber; org.axonframework.extensions.kafka.eventhandling.consumer.streamable.KafkaTrackingToken; org.axonframework.extensions.kafka.eventhandling.consumer.ConsumerFactory
.,org.axonframework.extensions.kafka.eventhandling.consumer.streamable,StreamableKafkaMessageSource,createHeadToken,3,1,0,131,0,org.axonframework.extensions.kafka.eventhandling.consumer.streamable.KafkaTrackingToken,org.axonframework.extensions.kafka.eventhandling.consumer.streamable.KafkaTrackingToken; org.axonframework.extensions.kafka.eventhandling.consumer.ConsumerFactory; org.axonframework.extensions.kafka.eventhandling.consumer.streamable.ConsumerPositionsUtil
.,org.axonframework.extensions.kafka.eventhandling.consumer.streamable,StreamableKafkaMessageSource,createTokenAt,3,1,1,138,0,org.axonframework.extensions.kafka.eventhandling.consumer.streamable.KafkaTrackingToken,org.axonframework.extensions.kafka.eventhandling.consumer.streamable.KafkaTrackingToken; org.axonframework.extensions.kafka.eventhandling.consumer.streamable.ConsumerPositionsUtil; org.axonframework.extensions.kafka.eventhandling.consumer.ConsumerFactory
.,org.axonframework.extensions.kafka.eventhandling.consumer.streamable,Buffer,put,0,1,1,39,0,,
.,org.axonframework.extensions.kafka.eventhandling.consumer.streamable,Buffer,putAll,0,1,1,47,0,,
.,org.axonframework.extensions.kafka.eventhandling.consumer.streamable,Buffer,poll,0,1,2,55,0,,
.,org.axonframework.extensions.kafka.eventhandling.consumer.streamable,Buffer,take,0,1,0,67,0,,
.,org.axonframework.extensions.kafka.eventhandling.consumer.streamable,Buffer,peek,0,1,0,75,0,,
.,org.axonframework.extensions.kafka.eventhandling.consumer.streamable,Buffer,size,0,1,0,83,0,,
.,org.axonframework.extensions.kafka.eventhandling.consumer.streamable,Buffer,isEmpty,0,1,0,90,0,,
.,org.axonframework.extensions.kafka.eventhandling.consumer.streamable,Buffer,remainingCapacity,0,1,0,97,0,,
.,org.axonframework.extensions.kafka.eventhandling.consumer.streamable,Buffer,clear,0,1,0,109,0,,
.,org.axonframework.extensions.kafka.eventhandling.consumer.streamable,Buffer,setException,3,1,1,114,0,,
.,org.axonframework.extensions.kafka.eventhandling.consumer.streamable,TopicPartitionDeserializer,deserializeKey,18,3,2,34,0,,
.,org.axonframework.extensions.kafka.eventhandling.consumer.subscribable,SubscribableKafkaMessageSourceTest,getSourceBuilders,11,1,0,86,0,org.axonframework.extensions.kafka.eventhandling.consumer.subscribable.SubscribableKafkaMessageSource,org.axonframework.extensions.kafka.eventhandling.consumer.TopicSubscriberBuilder; org.axonframework.extensions.kafka.eventhandling.consumer.subscribable.SubscribableKafkaMessageSource
.,org.axonframework.extensions.kafka.eventhandling.consumer.subscribable,SubscribableKafkaMessageSourceTest,setUp,7,1,0,103,0,org.axonframework.extensions.kafka.eventhandling.consumer.subscribable.SubscribableKafkaMessageSource,org.axonframework.extensions.kafka.eventhandling.consumer.TopicSubscriberBuilder; org.axonframework.extensions.kafka.eventhandling.consumer.ConsumerFactory; org.axonframework.extensions.kafka.eventhandling.consumer.subscribable.SubscribableKafkaMessageSource
.,org.axonframework.extensions.kafka.eventhandling.consumer.subscribable,SubscribableKafkaMessageSourceTest,tearDown,3,1,0,119,0,org.axonframework.extensions.kafka.eventhandling.consumer.subscribable.SubscribableKafkaMessageSource,org.axonframework.extensions.kafka.eventhandling.consumer.subscribable.SubscribableKafkaMessageSource
.,org.axonframework.extensions.kafka.eventhandling.consumer.subscribable,SubscribableKafkaMessageSourceTest,testBuildWithInvalidTopicsThrowsAxonConfigurationException,4,1,0,124,1,org.axonframework.extensions.kafka.eventhandling.consumer.subscribable.SubscribableKafkaMessageSource,org.axonframework.extensions.kafka.eventhandling.consumer.subscribable.SubscribableKafkaMessageSource
.,org.axonframework.extensions.kafka.eventhandling.consumer.subscribable,SubscribableKafkaMessageSourceTest,testBuildWithInvalidTopicThrowsAxonConfigurationException,4,1,0,130,1,org.axonframework.extensions.kafka.eventhandling.consumer.subscribable.SubscribableKafkaMessageSource,org.axonframework.extensions.kafka.eventhandling.consumer.subscribable.SubscribableKafkaMessageSource
.,org.axonframework.extensions.kafka.eventhandling.consumer.subscribable,SubscribableKafkaMessageSourceTest,testBuildWithInvalidGroupIdThrowsAxonConfigurationException,4,1,0,136,1,org.axonframework.extensions.kafka.eventhandling.consumer.subscribable.SubscribableKafkaMessageSource,org.axonframework.extensions.kafka.eventhandling.consumer.subscribable.SubscribableKafkaMessageSource
.,org.axonframework.extensions.kafka.eventhandling.consumer.subscribable,SubscribableKafkaMessageSourceTest,testBuildWithInvalidConsumerFactoryThrowsAxonConfigurationException,4,1,0,142,1,org.axonframework.extensions.kafka.eventhandling.consumer.subscribable.SubscribableKafkaMessageSource,org.axonframework.extensions.kafka.eventhandling.consumer.subscribable.SubscribableKafkaMessageSource
.,org.axonframework.extensions.kafka.eventhandling.consumer.subscribable,SubscribableKafkaMessageSourceTest,testBuildWithInvalidFetcherThrowsAxonConfigurationException,4,1,0,152,1,org.axonframework.extensions.kafka.eventhandling.consumer.subscribable.SubscribableKafkaMessageSource,org.axonframework.extensions.kafka.eventhandling.consumer.subscribable.SubscribableKafkaMessageSource
.,org.axonframework.extensions.kafka.eventhandling.consumer.subscribable,SubscribableKafkaMessageSourceTest,testBuildWithInvalidMessageConverterThrowsAxonConfigurationException,4,1,0,158,1,org.axonframework.extensions.kafka.eventhandling.consumer.subscribable.SubscribableKafkaMessageSource,org.axonframework.extensions.kafka.eventhandling.consumer.subscribable.SubscribableKafkaMessageSource
.,org.axonframework.extensions.kafka.eventhandling.consumer.subscribable,SubscribableKafkaMessageSourceTest,testBuildWithInvalidConsumerCountThrowsAxonConfigurationException,4,1,0,164,1,org.axonframework.extensions.kafka.eventhandling.consumer.subscribable.SubscribableKafkaMessageSource,org.axonframework.extensions.kafka.eventhandling.consumer.subscribable.SubscribableKafkaMessageSource
.,org.axonframework.extensions.kafka.eventhandling.consumer.subscribable,SubscribableKafkaMessageSourceTest,testBuildingWhilstMissingRequiredFieldsShouldThrowAxonConfigurationException,4,1,0,170,1,org.axonframework.extensions.kafka.eventhandling.consumer.subscribable.SubscribableKafkaMessageSource,org.axonframework.extensions.kafka.eventhandling.consumer.subscribable.SubscribableKafkaMessageSource
.,org.axonframework.extensions.kafka.eventhandling.consumer.subscribable,SubscribableKafkaMessageSourceTest,testAutoStartInitiatesProcessingOnFirstEventProcessor,8,1,0,176,1,org.axonframework.extensions.kafka.eventhandling.consumer.subscribable.SubscribableKafkaMessageSource,org.axonframework.extensions.kafka.eventhandling.consumer.TopicSubscriberBuilder; org.axonframework.extensions.kafka.eventhandling.consumer.subscribable.SubscribableKafkaMessageSource
.,org.axonframework.extensions.kafka.eventhandling.consumer.subscribable,SubscribableKafkaMessageSourceTest,testCancelingSubscribedEventProcessorRunsConnectedCloseHandlerWhenAutoStartIsOn,15,1,0,196,1,org.axonframework.extensions.kafka.eventhandling.consumer.subscribable.SubscribableKafkaMessageSource,org.axonframework.extensions.kafka.eventhandling.consumer.TopicSubscriberBuilder; org.axonframework.extensions.kafka.eventhandling.consumer.subscribable.SubscribableKafkaMessageSource
.,org.axonframework.extensions.kafka.eventhandling.consumer.subscribable,SubscribableKafkaMessageSourceTest,testSubscribingTheSameInstanceTwiceDisregardsSecondInstanceOnStart,9,1,0,223,1,org.axonframework.extensions.kafka.eventhandling.consumer.subscribable.SubscribableKafkaMessageSource,org.axonframework.extensions.kafka.eventhandling.consumer.subscribable.SubscribableKafkaMessageSource
.,org.axonframework.extensions.kafka.eventhandling.consumer.subscribable,SubscribableKafkaMessageSourceTest,testStartSubscribesConsumerToAllProvidedTopics,12,1,0,237,1,org.axonframework.extensions.kafka.eventhandling.consumer.subscribable.SubscribableKafkaMessageSource,org.axonframework.extensions.kafka.eventhandling.consumer.TopicSubscriberBuilder; org.axonframework.extensions.kafka.eventhandling.consumer.subscribable.SubscribableKafkaMessageSource
.,org.axonframework.extensions.kafka.eventhandling.consumer.subscribable,SubscribableKafkaMessageSourceTest,testStartBuildsConsumersUpToConsumerCount,10,1,2,261,0,org.axonframework.extensions.kafka.eventhandling.consumer.subscribable.SubscribableKafkaMessageSource,org.axonframework.extensions.kafka.eventhandling.consumer.subscribable.SubscribableKafkaMessageSource
.,org.axonframework.extensions.kafka.eventhandling.consumer.subscribable,SubscribableKafkaMessageSourceTest,testCloseRunsCloseHandlerPerConsumerCount,22,1,2,284,0,org.axonframework.extensions.kafka.eventhandling.consumer.subscribable.SubscribableKafkaMessageSource,org.axonframework.extensions.kafka.eventhandling.consumer.subscribable.SubscribableKafkaMessageSource
.,org.axonframework.extensions.kafka.eventhandling.consumer.subscribable,SubscribableKafkaMessageSourceTest,restartingConsumerShouldNotCauseAMemoryLeakAndOnCloseNoRegistrationsShouldBeleft,14,1,2,322,0,org.axonframework.extensions.kafka.eventhandling.consumer.subscribable.SubscribableKafkaMessageSource,org.axonframework.extensions.kafka.eventhandling.consumer.subscribable.SubscribableKafkaMessageSource; org.axonframework.extensions.kafka.eventhandling.consumer.AsyncFetcher
.,org.axonframework.extensions.kafka.eventhandling.consumer.subscribable,SubscribableKafkaMessageSource,SubscribableKafkaMessageSource,10,1,1,89,0,org.axonframework.extensions.kafka.eventhandling.consumer.TopicSubscriberBuilder,org.axonframework.extensions.kafka.eventhandling.consumer.TopicSubscriberBuilder
.,org.axonframework.extensions.kafka.eventhandling.consumer.subscribable,SubscribableKafkaMessageSource,builder,3,1,0,109,0,,
.,org.axonframework.extensions.kafka.eventhandling.consumer.subscribable,SubscribableKafkaMessageSource,subscribe,27,5,1,125,0,org.axonframework.extensions.kafka.eventhandling.consumer.subscribable.SubscribableKafkaMessageSource,org.axonframework.extensions.kafka.eventhandling.consumer.subscribable.SubscribableKafkaMessageSource
.,org.axonframework.extensions.kafka.eventhandling.consumer.subscribable,SubscribableKafkaMessageSource,start,8,3,0,159,0,org.axonframework.extensions.kafka.eventhandling.consumer.subscribable.SubscribableKafkaMessageSource,org.axonframework.extensions.kafka.eventhandling.consumer.subscribable.SubscribableKafkaMessageSource
.,org.axonframework.extensions.kafka.eventhandling.consumer.subscribable,SubscribableKafkaMessageSource,addConsumer,6,1,1,176,0,org.axonframework.extensions.kafka.eventhandling.consumer.subscribable.SubscribableKafkaMessageSource,org.axonframework.extensions.kafka.eventhandling.consumer.subscribable.SubscribableKafkaMessageSource; org.axonframework.extensions.kafka.eventhandling.consumer.ConsumerFactory; org.axonframework.extensions.kafka.eventhandling.consumer.TopicSubscriber
.,org.axonframework.extensions.kafka.eventhandling.consumer.subscribable,SubscribableKafkaMessageSource,restartOnError,7,1,1,193,0,org.axonframework.extensions.kafka.eventhandling.consumer.subscribable.SubscribableKafkaMessageSource,org.axonframework.extensions.kafka.eventhandling.consumer.subscribable.SubscribableKafkaMessageSource
.,org.axonframework.extensions.kafka.eventhandling.consumer.subscribable,SubscribableKafkaMessageSource,close,9,2,0,200,0,,
